/*--------------------------------*- C++ -*----------------------------------*\
  =========                 |
  \\      /  F ield         | OpenFOAM: The Open Source CFD Toolbox
   \\    /   O peration     | Website:  https://openfoam.org
    \\  /    A nd           | Version:  6
     \\/     M anipulation  |
\*---------------------------------------------------------------------------*/
FoamFile
{
    version     2.0;
    format      ascii;
    class       vectorField;
    location    "constant/polyMesh";
    object      points;
}
// * * * * * * * * * * * * * * * * * * * * * * * * * * * * * * * * * * * * * //


2838
(
(0 0 0)
(0.002116666667 0 0)
(0.004233333333 0 0)
(0.00635 0 0)
(0.008466666667 0 0)
(0.01058333333 0 0)
(0.0127 0 0)
(0.01481666667 0 0)
(0.01693333333 0 0)
(0.01905 0 0)
(0.02116666667 0 0)
(0.02328333333 0 0)
(0.0254 0 0)
(0.02751666667 0 0)
(0.02963333333 0 0)
(0.03175 0 0)
(0.03386666667 0 0)
(0.03598333333 0 0)
(0.0381 0 0)
(0.04021666667 0 0)
(0.04233333333 0 0)
(0.04445 0 0)
(0.04656666667 0 0)
(0.04868333333 0 0)
(0.0508 0 0)
(0.05291666667 0 0)
(0.05503333333 0 0)
(0.05715 0 0)
(0.05926666667 0 0)
(0.06138333333 0 0)
(0.0635 0 0)
(0.06561666667 0 0)
(0.06773333333 0 0)
(0.06985 0 0)
(0.07196666667 0 0)
(0.07408333333 0 0)
(0.0762 0 0)
(0.07831666667 0 0)
(0.08043333333 0 0)
(0.08255 0 0)
(0.08466666667 0 0)
(0.08678333333 0 0)
(0.0889 0 0)
(0 0.001984375 0)
(0.002116666667 0.001984375 0)
(0.004233333333 0.001984375 0)
(0.00635 0.001984375 0)
(0.008466666667 0.001984375 0)
(0.01058333333 0.001984375 0)
(0.0127 0.001984375 0)
(0.01481666667 0.001984375 0)
(0.01693333333 0.001984375 0)
(0.01905 0.001984375 0)
(0.02116666667 0.001984375 0)
(0.02328333333 0.001984375 0)
(0.0254 0.001984375 0)
(0.02751666667 0.001984375 0)
(0.02963333333 0.001984375 0)
(0.03175 0.001984375 0)
(0.03386666667 0.001984375 0)
(0.03598333333 0.001984375 0)
(0.0381 0.001984375 0)
(0.04021666667 0.001984375 0)
(0.04233333333 0.001984375 0)
(0.04445 0.001984375 0)
(0.04656666667 0.001984375 0)
(0.04868333333 0.001984375 0)
(0.0508 0.001984375 0)
(0.05291666667 0.001984375 0)
(0.05503333333 0.001984375 0)
(0.05715 0.001984375 0)
(0.05926666667 0.001984375 0)
(0.06138333333 0.001984375 0)
(0.0635 0.001984375 0)
(0.06561666667 0.001984375 0)
(0.06773333333 0.001984375 0)
(0.06985 0.001984375 0)
(0.07196666667 0.001984375 0)
(0.07408333333 0.001984375 0)
(0.0762 0.001984375 0)
(0.07831666667 0.001984375 0)
(0.08043333333 0.001984375 0)
(0.08255 0.001984375 0)
(0.08466666667 0.001984375 0)
(0.08678333333 0.001984375 0)
(0.0889 0.001984375 0)
(0 0.00396875 0)
(0.002116666667 0.00396875 0)
(0.004233333333 0.00396875 0)
(0.00635 0.00396875 0)
(0.008466666667 0.00396875 0)
(0.01058333333 0.00396875 0)
(0.0127 0.00396875 0)
(0.01481666667 0.00396875 0)
(0.01693333333 0.00396875 0)
(0.01905 0.00396875 0)
(0.02116666667 0.00396875 0)
(0.02328333333 0.00396875 0)
(0.0254 0.00396875 0)
(0.02751666667 0.00396875 0)
(0.02963333333 0.00396875 0)
(0.03175 0.00396875 0)
(0.03386666667 0.00396875 0)
(0.03598333333 0.00396875 0)
(0.0381 0.00396875 0)
(0.04021666667 0.00396875 0)
(0.04233333333 0.00396875 0)
(0.04445 0.00396875 0)
(0.04656666667 0.00396875 0)
(0.04868333333 0.00396875 0)
(0.0508 0.00396875 0)
(0.05291666667 0.00396875 0)
(0.05503333333 0.00396875 0)
(0.05715 0.00396875 0)
(0.05926666667 0.00396875 0)
(0.06138333333 0.00396875 0)
(0.0635 0.00396875 0)
(0.06561666667 0.00396875 0)
(0.06773333333 0.00396875 0)
(0.06985 0.00396875 0)
(0.07196666667 0.00396875 0)
(0.07408333333 0.00396875 0)
(0.0762 0.00396875 0)
(0.07831666667 0.00396875 0)
(0.08043333333 0.00396875 0)
(0.08255 0.00396875 0)
(0.08466666667 0.00396875 0)
(0.08678333333 0.00396875 0)
(0.0889 0.00396875 0)
(0 0.005953125 0)
(0.002116666667 0.005953125 0)
(0.004233333333 0.005953125 0)
(0.00635 0.005953125 0)
(0.008466666667 0.005953125 0)
(0.01058333333 0.005953125 0)
(0.0127 0.005953125 0)
(0.01481666667 0.005953125 0)
(0.01693333333 0.005953125 0)
(0.01905 0.005953125 0)
(0.02116666667 0.005953125 0)
(0.02328333333 0.005953125 0)
(0.0254 0.005953125 0)
(0.02751666667 0.005953125 0)
(0.02963333333 0.005953125 0)
(0.03175 0.005953125 0)
(0.03386666667 0.005953125 0)
(0.03598333333 0.005953125 0)
(0.0381 0.005953125 0)
(0.04021666667 0.005953125 0)
(0.04233333333 0.005953125 0)
(0.04445 0.005953125 0)
(0.04656666667 0.005953125 0)
(0.04868333333 0.005953125 0)
(0.0508 0.005953125 0)
(0.05291666667 0.005953125 0)
(0.05503333333 0.005953125 0)
(0.05715 0.005953125 0)
(0.05926666667 0.005953125 0)
(0.06138333333 0.005953125 0)
(0.0635 0.005953125 0)
(0.06561666667 0.005953125 0)
(0.06773333333 0.005953125 0)
(0.06985 0.005953125 0)
(0.07196666667 0.005953125 0)
(0.07408333333 0.005953125 0)
(0.0762 0.005953125 0)
(0.07831666667 0.005953125 0)
(0.08043333333 0.005953125 0)
(0.08255 0.005953125 0)
(0.08466666667 0.005953125 0)
(0.08678333333 0.005953125 0)
(0.0889 0.005953125 0)
(0 0.0079375 0)
(0.002116666667 0.0079375 0)
(0.004233333333 0.0079375 0)
(0.00635 0.0079375 0)
(0.008466666667 0.0079375 0)
(0.01058333333 0.0079375 0)
(0.0127 0.0079375 0)
(0.01481666667 0.0079375 0)
(0.01693333333 0.0079375 0)
(0.01905 0.0079375 0)
(0.02116666667 0.0079375 0)
(0.02328333333 0.0079375 0)
(0.0254 0.0079375 0)
(0.02751666667 0.0079375 0)
(0.02963333333 0.0079375 0)
(0.03175 0.0079375 0)
(0.03386666667 0.0079375 0)
(0.03598333333 0.0079375 0)
(0.0381 0.0079375 0)
(0.04021666667 0.0079375 0)
(0.04233333333 0.0079375 0)
(0.04445 0.0079375 0)
(0.04656666667 0.0079375 0)
(0.04868333333 0.0079375 0)
(0.0508 0.0079375 0)
(0.05291666667 0.0079375 0)
(0.05503333333 0.0079375 0)
(0.05715 0.0079375 0)
(0.05926666667 0.0079375 0)
(0.06138333333 0.0079375 0)
(0.0635 0.0079375 0)
(0.06561666667 0.0079375 0)
(0.06773333333 0.0079375 0)
(0.06985 0.0079375 0)
(0.07196666667 0.0079375 0)
(0.07408333333 0.0079375 0)
(0.0762 0.0079375 0)
(0.07831666667 0.0079375 0)
(0.08043333333 0.0079375 0)
(0.08255 0.0079375 0)
(0.08466666667 0.0079375 0)
(0.08678333333 0.0079375 0)
(0.0889 0.0079375 0)
(0 0.009921875 0)
(0.002116666667 0.009921875 0)
(0.004233333333 0.009921875 0)
(0.00635 0.009921875 0)
(0.008466666667 0.009921875 0)
(0.01058333333 0.009921875 0)
(0.0127 0.009921875 0)
(0.01481666667 0.009921875 0)
(0.01693333333 0.009921875 0)
(0.01905 0.009921875 0)
(0.02116666667 0.009921875 0)
(0.02328333333 0.009921875 0)
(0.0254 0.009921875 0)
(0.02751666667 0.009921875 0)
(0.02963333333 0.009921875 0)
(0.03175 0.009921875 0)
(0.03386666667 0.009921875 0)
(0.03598333333 0.009921875 0)
(0.0381 0.009921875 0)
(0.04021666667 0.009921875 0)
(0.04233333333 0.009921875 0)
(0.04445 0.009921875 0)
(0.04656666667 0.009921875 0)
(0.04868333333 0.009921875 0)
(0.0508 0.009921875 0)
(0.05291666667 0.009921875 0)
(0.05503333333 0.009921875 0)
(0.05715 0.009921875 0)
(0.05926666667 0.009921875 0)
(0.06138333333 0.009921875 0)
(0.0635 0.009921875 0)
(0.06561666667 0.009921875 0)
(0.06773333333 0.009921875 0)
(0.06985 0.009921875 0)
(0.07196666667 0.009921875 0)
(0.07408333333 0.009921875 0)
(0.0762 0.009921875 0)
(0.07831666667 0.009921875 0)
(0.08043333333 0.009921875 0)
(0.08255 0.009921875 0)
(0.08466666667 0.009921875 0)
(0.08678333333 0.009921875 0)
(0.0889 0.009921875 0)
(0 0.01190625 0)
(0.002116666667 0.01190625 0)
(0.004233333333 0.01190625 0)
(0.00635 0.01190625 0)
(0.008466666667 0.01190625 0)
(0.01058333333 0.01190625 0)
(0.0127 0.01190625 0)
(0.01481666667 0.01190625 0)
(0.01693333333 0.01190625 0)
(0.01905 0.01190625 0)
(0.02116666667 0.01190625 0)
(0.02328333333 0.01190625 0)
(0.0254 0.01190625 0)
(0.02751666667 0.01190625 0)
(0.02963333333 0.01190625 0)
(0.03175 0.01190625 0)
(0.03386666667 0.01190625 0)
(0.03598333333 0.01190625 0)
(0.0381 0.01190625 0)
(0.04021666667 0.01190625 0)
(0.04233333333 0.01190625 0)
(0.04445 0.01190625 0)
(0.04656666667 0.01190625 0)
(0.04868333333 0.01190625 0)
(0.0508 0.01190625 0)
(0.05291666667 0.01190625 0)
(0.05503333333 0.01190625 0)
(0.05715 0.01190625 0)
(0.05926666667 0.01190625 0)
(0.06138333333 0.01190625 0)
(0.0635 0.01190625 0)
(0.06561666667 0.01190625 0)
(0.06773333333 0.01190625 0)
(0.06985 0.01190625 0)
(0.07196666667 0.01190625 0)
(0.07408333333 0.01190625 0)
(0.0762 0.01190625 0)
(0.07831666667 0.01190625 0)
(0.08043333333 0.01190625 0)
(0.08255 0.01190625 0)
(0.08466666667 0.01190625 0)
(0.08678333333 0.01190625 0)
(0.0889 0.01190625 0)
(0 0.013890625 0)
(0.002116666667 0.013890625 0)
(0.004233333333 0.013890625 0)
(0.00635 0.013890625 0)
(0.008466666667 0.013890625 0)
(0.01058333333 0.013890625 0)
(0.0127 0.013890625 0)
(0.01481666667 0.013890625 0)
(0.01693333333 0.013890625 0)
(0.01905 0.013890625 0)
(0.02116666667 0.013890625 0)
(0.02328333333 0.013890625 0)
(0.0254 0.013890625 0)
(0.02751666667 0.013890625 0)
(0.02963333333 0.013890625 0)
(0.03175 0.013890625 0)
(0.03386666667 0.013890625 0)
(0.03598333333 0.013890625 0)
(0.0381 0.013890625 0)
(0.04021666667 0.013890625 0)
(0.04233333333 0.013890625 0)
(0.04445 0.013890625 0)
(0.04656666667 0.013890625 0)
(0.04868333333 0.013890625 0)
(0.0508 0.013890625 0)
(0.05291666667 0.013890625 0)
(0.05503333333 0.013890625 0)
(0.05715 0.013890625 0)
(0.05926666667 0.013890625 0)
(0.06138333333 0.013890625 0)
(0.0635 0.013890625 0)
(0.06561666667 0.013890625 0)
(0.06773333333 0.013890625 0)
(0.06985 0.013890625 0)
(0.07196666667 0.013890625 0)
(0.07408333333 0.013890625 0)
(0.0762 0.013890625 0)
(0.07831666667 0.013890625 0)
(0.08043333333 0.013890625 0)
(0.08255 0.013890625 0)
(0.08466666667 0.013890625 0)
(0.08678333333 0.013890625 0)
(0.0889 0.013890625 0)
(0 0.015875 0)
(0.002116666667 0.015875 0)
(0.004233333333 0.015875 0)
(0.00635 0.015875 0)
(0.008466666667 0.015875 0)
(0.01058333333 0.015875 0)
(0.0127 0.015875 0)
(0.01481666667 0.015875 0)
(0.01693333333 0.015875 0)
(0.01905 0.015875 0)
(0.02116666667 0.015875 0)
(0.02328333333 0.015875 0)
(0.0254 0.015875 0)
(0.02751666667 0.015875 0)
(0.02963333333 0.015875 0)
(0.03175 0.015875 0)
(0.03386666667 0.015875 0)
(0.03598333333 0.015875 0)
(0.0381 0.015875 0)
(0.04021666667 0.015875 0)
(0.04233333333 0.015875 0)
(0.04445 0.015875 0)
(0.04656666667 0.015875 0)
(0.04868333333 0.015875 0)
(0.0508 0.015875 0)
(0.05291666667 0.015875 0)
(0.05503333333 0.015875 0)
(0.05715 0.015875 0)
(0.05926666667 0.015875 0)
(0.06138333333 0.015875 0)
(0.0635 0.015875 0)
(0.06561666667 0.015875 0)
(0.06773333333 0.015875 0)
(0.06985 0.015875 0)
(0.07196666667 0.015875 0)
(0.07408333333 0.015875 0)
(0.0762 0.015875 0)
(0.07831666667 0.015875 0)
(0.08043333333 0.015875 0)
(0.08255 0.015875 0)
(0.08466666667 0.015875 0)
(0.08678333333 0.015875 0)
(0.0889 0.015875 0)
(0 0.017859375 0)
(0.002116666667 0.017859375 0)
(0.004233333333 0.017859375 0)
(0.00635 0.017859375 0)
(0.008466666667 0.017859375 0)
(0.01058333333 0.017859375 0)
(0.0127 0.017859375 0)
(0.01481666667 0.017859375 0)
(0.01693333333 0.017859375 0)
(0.01905 0.017859375 0)
(0.02116666667 0.017859375 0)
(0.02328333333 0.017859375 0)
(0.0254 0.017859375 0)
(0.02751666667 0.017859375 0)
(0.02963333333 0.017859375 0)
(0.03175 0.017859375 0)
(0.03386666667 0.017859375 0)
(0.03598333333 0.017859375 0)
(0.0381 0.017859375 0)
(0.04021666667 0.017859375 0)
(0.04233333333 0.017859375 0)
(0.04445 0.017859375 0)
(0.04656666667 0.017859375 0)
(0.04868333333 0.017859375 0)
(0.0508 0.017859375 0)
(0.05291666667 0.017859375 0)
(0.05503333333 0.017859375 0)
(0.05715 0.017859375 0)
(0.05926666667 0.017859375 0)
(0.06138333333 0.017859375 0)
(0.0635 0.017859375 0)
(0.06561666667 0.017859375 0)
(0.06773333333 0.017859375 0)
(0.06985 0.017859375 0)
(0.07196666667 0.017859375 0)
(0.07408333333 0.017859375 0)
(0.0762 0.017859375 0)
(0.07831666667 0.017859375 0)
(0.08043333333 0.017859375 0)
(0.08255 0.017859375 0)
(0.08466666667 0.017859375 0)
(0.08678333333 0.017859375 0)
(0.0889 0.017859375 0)
(0 0.01984375 0)
(0.002116666667 0.01984375 0)
(0.004233333333 0.01984375 0)
(0.00635 0.01984375 0)
(0.008466666667 0.01984375 0)
(0.01058333333 0.01984375 0)
(0.0127 0.01984375 0)
(0.01481666667 0.01984375 0)
(0.01693333333 0.01984375 0)
(0.01905 0.01984375 0)
(0.02116666667 0.01984375 0)
(0.02328333333 0.01984375 0)
(0.0254 0.01984375 0)
(0.02751666667 0.01984375 0)
(0.02963333333 0.01984375 0)
(0.03175 0.01984375 0)
(0.03386666667 0.01984375 0)
(0.03598333333 0.01984375 0)
(0.0381 0.01984375 0)
(0.04021666667 0.01984375 0)
(0.04233333333 0.01984375 0)
(0.04445 0.01984375 0)
(0.04656666667 0.01984375 0)
(0.04868333333 0.01984375 0)
(0.0508 0.01984375 0)
(0.05291666667 0.01984375 0)
(0.05503333333 0.01984375 0)
(0.05715 0.01984375 0)
(0.05926666667 0.01984375 0)
(0.06138333333 0.01984375 0)
(0.0635 0.01984375 0)
(0.06561666667 0.01984375 0)
(0.06773333333 0.01984375 0)
(0.06985 0.01984375 0)
(0.07196666667 0.01984375 0)
(0.07408333333 0.01984375 0)
(0.0762 0.01984375 0)
(0.07831666667 0.01984375 0)
(0.08043333333 0.01984375 0)
(0.08255 0.01984375 0)
(0.08466666667 0.01984375 0)
(0.08678333333 0.01984375 0)
(0.0889 0.01984375 0)
(0 0.021828125 0)
(0.002116666667 0.021828125 0)
(0.004233333333 0.021828125 0)
(0.00635 0.021828125 0)
(0.008466666667 0.021828125 0)
(0.01058333333 0.021828125 0)
(0.0127 0.021828125 0)
(0.01481666667 0.021828125 0)
(0.01693333333 0.021828125 0)
(0.01905 0.021828125 0)
(0.02116666667 0.021828125 0)
(0.02328333333 0.021828125 0)
(0.0254 0.021828125 0)
(0.02751666667 0.021828125 0)
(0.02963333333 0.021828125 0)
(0.03175 0.021828125 0)
(0.03386666667 0.021828125 0)
(0.03598333333 0.021828125 0)
(0.0381 0.021828125 0)
(0.04021666667 0.021828125 0)
(0.04233333333 0.021828125 0)
(0.04445 0.021828125 0)
(0.04656666667 0.021828125 0)
(0.04868333333 0.021828125 0)
(0.0508 0.021828125 0)
(0.05291666667 0.021828125 0)
(0.05503333333 0.021828125 0)
(0.05715 0.021828125 0)
(0.05926666667 0.021828125 0)
(0.06138333333 0.021828125 0)
(0.0635 0.021828125 0)
(0.06561666667 0.021828125 0)
(0.06773333333 0.021828125 0)
(0.06985 0.021828125 0)
(0.07196666667 0.021828125 0)
(0.07408333333 0.021828125 0)
(0.0762 0.021828125 0)
(0.07831666667 0.021828125 0)
(0.08043333333 0.021828125 0)
(0.08255 0.021828125 0)
(0.08466666667 0.021828125 0)
(0.08678333333 0.021828125 0)
(0.0889 0.021828125 0)
(0 0.0238125 0)
(0.002116666667 0.0238125 0)
(0.004233333333 0.0238125 0)
(0.00635 0.0238125 0)
(0.008466666667 0.0238125 0)
(0.01058333333 0.0238125 0)
(0.0127 0.0238125 0)
(0.01481666667 0.0238125 0)
(0.01693333333 0.0238125 0)
(0.01905 0.0238125 0)
(0.02116666667 0.0238125 0)
(0.02328333333 0.0238125 0)
(0.0254 0.0238125 0)
(0.02751666667 0.0238125 0)
(0.02963333333 0.0238125 0)
(0.03175 0.0238125 0)
(0.03386666667 0.0238125 0)
(0.03598333333 0.0238125 0)
(0.0381 0.0238125 0)
(0.04021666667 0.0238125 0)
(0.04233333333 0.0238125 0)
(0.04445 0.0238125 0)
(0.04656666667 0.0238125 0)
(0.04868333333 0.0238125 0)
(0.0508 0.0238125 0)
(0.05291666667 0.0238125 0)
(0.05503333333 0.0238125 0)
(0.05715 0.0238125 0)
(0.05926666667 0.0238125 0)
(0.06138333333 0.0238125 0)
(0.0635 0.0238125 0)
(0.06561666667 0.0238125 0)
(0.06773333333 0.0238125 0)
(0.06985 0.0238125 0)
(0.07196666667 0.0238125 0)
(0.07408333333 0.0238125 0)
(0.0762 0.0238125 0)
(0.07831666667 0.0238125 0)
(0.08043333333 0.0238125 0)
(0.08255 0.0238125 0)
(0.08466666667 0.0238125 0)
(0.08678333333 0.0238125 0)
(0.0889 0.0238125 0)
(0 0.025796875 0)
(0.002116666667 0.025796875 0)
(0.004233333333 0.025796875 0)
(0.00635 0.025796875 0)
(0.008466666667 0.025796875 0)
(0.01058333333 0.025796875 0)
(0.0127 0.025796875 0)
(0.01481666667 0.025796875 0)
(0.01693333333 0.025796875 0)
(0.01905 0.025796875 0)
(0.02116666667 0.025796875 0)
(0.02328333333 0.025796875 0)
(0.0254 0.025796875 0)
(0.02751666667 0.025796875 0)
(0.02963333333 0.025796875 0)
(0.03175 0.025796875 0)
(0.03386666667 0.025796875 0)
(0.03598333333 0.025796875 0)
(0.0381 0.025796875 0)
(0.04021666667 0.025796875 0)
(0.04233333333 0.025796875 0)
(0.04445 0.025796875 0)
(0.04656666667 0.025796875 0)
(0.04868333333 0.025796875 0)
(0.0508 0.025796875 0)
(0.05291666667 0.025796875 0)
(0.05503333333 0.025796875 0)
(0.05715 0.025796875 0)
(0.05926666667 0.025796875 0)
(0.06138333333 0.025796875 0)
(0.0635 0.025796875 0)
(0.06561666667 0.025796875 0)
(0.06773333333 0.025796875 0)
(0.06985 0.025796875 0)
(0.07196666667 0.025796875 0)
(0.07408333333 0.025796875 0)
(0.0762 0.025796875 0)
(0.07831666667 0.025796875 0)
(0.08043333333 0.025796875 0)
(0.08255 0.025796875 0)
(0.08466666667 0.025796875 0)
(0.08678333333 0.025796875 0)
(0.0889 0.025796875 0)
(0 0.02778125 0)
(0.002116666667 0.02778125 0)
(0.004233333333 0.02778125 0)
(0.00635 0.02778125 0)
(0.008466666667 0.02778125 0)
(0.01058333333 0.02778125 0)
(0.0127 0.02778125 0)
(0.01481666667 0.02778125 0)
(0.01693333333 0.02778125 0)
(0.01905 0.02778125 0)
(0.02116666667 0.02778125 0)
(0.02328333333 0.02778125 0)
(0.0254 0.02778125 0)
(0.02751666667 0.02778125 0)
(0.02963333333 0.02778125 0)
(0.03175 0.02778125 0)
(0.03386666667 0.02778125 0)
(0.03598333333 0.02778125 0)
(0.0381 0.02778125 0)
(0.04021666667 0.02778125 0)
(0.04233333333 0.02778125 0)
(0.04445 0.02778125 0)
(0.04656666667 0.02778125 0)
(0.04868333333 0.02778125 0)
(0.0508 0.02778125 0)
(0.05291666667 0.02778125 0)
(0.05503333333 0.02778125 0)
(0.05715 0.02778125 0)
(0.05926666667 0.02778125 0)
(0.06138333333 0.02778125 0)
(0.0635 0.02778125 0)
(0.06561666667 0.02778125 0)
(0.06773333333 0.02778125 0)
(0.06985 0.02778125 0)
(0.07196666667 0.02778125 0)
(0.07408333333 0.02778125 0)
(0.0762 0.02778125 0)
(0.07831666667 0.02778125 0)
(0.08043333333 0.02778125 0)
(0.08255 0.02778125 0)
(0.08466666667 0.02778125 0)
(0.08678333333 0.02778125 0)
(0.0889 0.02778125 0)
(0 0.029765625 0)
(0.002116666667 0.029765625 0)
(0.004233333333 0.029765625 0)
(0.00635 0.029765625 0)
(0.008466666667 0.029765625 0)
(0.01058333333 0.029765625 0)
(0.0127 0.029765625 0)
(0.01481666667 0.029765625 0)
(0.01693333333 0.029765625 0)
(0.01905 0.029765625 0)
(0.02116666667 0.029765625 0)
(0.02328333333 0.029765625 0)
(0.0254 0.029765625 0)
(0.02751666667 0.029765625 0)
(0.02963333333 0.029765625 0)
(0.03175 0.029765625 0)
(0.03386666667 0.029765625 0)
(0.03598333333 0.029765625 0)
(0.0381 0.029765625 0)
(0.04021666667 0.029765625 0)
(0.04233333333 0.029765625 0)
(0.04445 0.029765625 0)
(0.04656666667 0.029765625 0)
(0.04868333333 0.029765625 0)
(0.0508 0.029765625 0)
(0.05291666667 0.029765625 0)
(0.05503333333 0.029765625 0)
(0.05715 0.029765625 0)
(0.05926666667 0.029765625 0)
(0.06138333333 0.029765625 0)
(0.0635 0.029765625 0)
(0.06561666667 0.029765625 0)
(0.06773333333 0.029765625 0)
(0.06985 0.029765625 0)
(0.07196666667 0.029765625 0)
(0.07408333333 0.029765625 0)
(0.0762 0.029765625 0)
(0.07831666667 0.029765625 0)
(0.08043333333 0.029765625 0)
(0.08255 0.029765625 0)
(0.08466666667 0.029765625 0)
(0.08678333333 0.029765625 0)
(0.0889 0.029765625 0)
(0 0.03175 0)
(0.002116666667 0.03175 0)
(0.004233333333 0.03175 0)
(0.00635 0.03175 0)
(0.008466666667 0.03175 0)
(0.01058333333 0.03175 0)
(0.0127 0.03175 0)
(0.01481666667 0.03175 0)
(0.01693333333 0.03175 0)
(0.01905 0.03175 0)
(0.02116666667 0.03175 0)
(0.02328333333 0.03175 0)
(0.0254 0.03175 0)
(0.02751666667 0.03175 0)
(0.02963333333 0.03175 0)
(0.03175 0.03175 0)
(0.03386666667 0.03175 0)
(0.03598333333 0.03175 0)
(0.0381 0.03175 0)
(0.04021666667 0.03175 0)
(0.04233333333 0.03175 0)
(0.04445 0.03175 0)
(0.04656666667 0.03175 0)
(0.04868333333 0.03175 0)
(0.0508 0.03175 0)
(0.05291666667 0.03175 0)
(0.05503333333 0.03175 0)
(0.05715 0.03175 0)
(0.05926666667 0.03175 0)
(0.06138333333 0.03175 0)
(0.0635 0.03175 0)
(0.06561666667 0.03175 0)
(0.06773333333 0.03175 0)
(0.06985 0.03175 0)
(0.07196666667 0.03175 0)
(0.07408333333 0.03175 0)
(0.0762 0.03175 0)
(0.07831666667 0.03175 0)
(0.08043333333 0.03175 0)
(0.08255 0.03175 0)
(0.08466666667 0.03175 0)
(0.08678333333 0.03175 0)
(0.0889 0.03175 0)
(0 0.033734375 0)
(0.002116666667 0.033734375 0)
(0.004233333333 0.033734375 0)
(0.00635 0.033734375 0)
(0.008466666667 0.033734375 0)
(0.01058333333 0.033734375 0)
(0.0127 0.033734375 0)
(0.01481666667 0.033734375 0)
(0.01693333333 0.033734375 0)
(0.01905 0.033734375 0)
(0.02116666667 0.033734375 0)
(0.02328333333 0.033734375 0)
(0.0254 0.033734375 0)
(0.02751666667 0.033734375 0)
(0.02963333333 0.033734375 0)
(0.03175 0.033734375 0)
(0.03386666667 0.033734375 0)
(0.03598333333 0.033734375 0)
(0.0381 0.033734375 0)
(0.04021666667 0.033734375 0)
(0.04233333333 0.033734375 0)
(0.04445 0.033734375 0)
(0.04656666667 0.033734375 0)
(0.04868333333 0.033734375 0)
(0.0508 0.033734375 0)
(0.05291666667 0.033734375 0)
(0.05503333333 0.033734375 0)
(0.05715 0.033734375 0)
(0.05926666667 0.033734375 0)
(0.06138333333 0.033734375 0)
(0.0635 0.033734375 0)
(0.06561666667 0.033734375 0)
(0.06773333333 0.033734375 0)
(0.06985 0.033734375 0)
(0.07196666667 0.033734375 0)
(0.07408333333 0.033734375 0)
(0.0762 0.033734375 0)
(0.07831666667 0.033734375 0)
(0.08043333333 0.033734375 0)
(0.08255 0.033734375 0)
(0.08466666667 0.033734375 0)
(0.08678333333 0.033734375 0)
(0.0889 0.033734375 0)
(0 0.03571875 0)
(0.002116666667 0.03571875 0)
(0.004233333333 0.03571875 0)
(0.00635 0.03571875 0)
(0.008466666667 0.03571875 0)
(0.01058333333 0.03571875 0)
(0.0127 0.03571875 0)
(0.01481666667 0.03571875 0)
(0.01693333333 0.03571875 0)
(0.01905 0.03571875 0)
(0.02116666667 0.03571875 0)
(0.02328333333 0.03571875 0)
(0.0254 0.03571875 0)
(0.02751666667 0.03571875 0)
(0.02963333333 0.03571875 0)
(0.03175 0.03571875 0)
(0.03386666667 0.03571875 0)
(0.03598333333 0.03571875 0)
(0.0381 0.03571875 0)
(0.04021666667 0.03571875 0)
(0.04233333333 0.03571875 0)
(0.04445 0.03571875 0)
(0.04656666667 0.03571875 0)
(0.04868333333 0.03571875 0)
(0.0508 0.03571875 0)
(0.05291666667 0.03571875 0)
(0.05503333333 0.03571875 0)
(0.05715 0.03571875 0)
(0.05926666667 0.03571875 0)
(0.06138333333 0.03571875 0)
(0.0635 0.03571875 0)
(0.06561666667 0.03571875 0)
(0.06773333333 0.03571875 0)
(0.06985 0.03571875 0)
(0.07196666667 0.03571875 0)
(0.07408333333 0.03571875 0)
(0.0762 0.03571875 0)
(0.07831666667 0.03571875 0)
(0.08043333333 0.03571875 0)
(0.08255 0.03571875 0)
(0.08466666667 0.03571875 0)
(0.08678333333 0.03571875 0)
(0.0889 0.03571875 0)
(0 0.037703125 0)
(0.002116666667 0.037703125 0)
(0.004233333333 0.037703125 0)
(0.00635 0.037703125 0)
(0.008466666667 0.037703125 0)
(0.01058333333 0.037703125 0)
(0.0127 0.037703125 0)
(0.01481666667 0.037703125 0)
(0.01693333333 0.037703125 0)
(0.01905 0.037703125 0)
(0.02116666667 0.037703125 0)
(0.02328333333 0.037703125 0)
(0.0254 0.037703125 0)
(0.02751666667 0.037703125 0)
(0.02963333333 0.037703125 0)
(0.03175 0.037703125 0)
(0.03386666667 0.037703125 0)
(0.03598333333 0.037703125 0)
(0.0381 0.037703125 0)
(0.04021666667 0.037703125 0)
(0.04233333333 0.037703125 0)
(0.04445 0.037703125 0)
(0.04656666667 0.037703125 0)
(0.04868333333 0.037703125 0)
(0.0508 0.037703125 0)
(0.05291666667 0.037703125 0)
(0.05503333333 0.037703125 0)
(0.05715 0.037703125 0)
(0.05926666667 0.037703125 0)
(0.06138333333 0.037703125 0)
(0.0635 0.037703125 0)
(0.06561666667 0.037703125 0)
(0.06773333333 0.037703125 0)
(0.06985 0.037703125 0)
(0.07196666667 0.037703125 0)
(0.07408333333 0.037703125 0)
(0.0762 0.037703125 0)
(0.07831666667 0.037703125 0)
(0.08043333333 0.037703125 0)
(0.08255 0.037703125 0)
(0.08466666667 0.037703125 0)
(0.08678333333 0.037703125 0)
(0.0889 0.037703125 0)
(0 0.0396875 0)
(0.002116666667 0.0396875 0)
(0.004233333333 0.0396875 0)
(0.00635 0.0396875 0)
(0.008466666667 0.0396875 0)
(0.01058333333 0.0396875 0)
(0.0127 0.0396875 0)
(0.01481666667 0.0396875 0)
(0.01693333333 0.0396875 0)
(0.01905 0.0396875 0)
(0.02116666667 0.0396875 0)
(0.02328333333 0.0396875 0)
(0.0254 0.0396875 0)
(0.02751666667 0.0396875 0)
(0.02963333333 0.0396875 0)
(0.03175 0.0396875 0)
(0.03386666667 0.0396875 0)
(0.03598333333 0.0396875 0)
(0.0381 0.0396875 0)
(0.04021666667 0.0396875 0)
(0.04233333333 0.0396875 0)
(0.04445 0.0396875 0)
(0.04656666667 0.0396875 0)
(0.04868333333 0.0396875 0)
(0.0508 0.0396875 0)
(0.05291666667 0.0396875 0)
(0.05503333333 0.0396875 0)
(0.05715 0.0396875 0)
(0.05926666667 0.0396875 0)
(0.06138333333 0.0396875 0)
(0.0635 0.0396875 0)
(0.06561666667 0.0396875 0)
(0.06773333333 0.0396875 0)
(0.06985 0.0396875 0)
(0.07196666667 0.0396875 0)
(0.07408333333 0.0396875 0)
(0.0762 0.0396875 0)
(0.07831666667 0.0396875 0)
(0.08043333333 0.0396875 0)
(0.08255 0.0396875 0)
(0.08466666667 0.0396875 0)
(0.08678333333 0.0396875 0)
(0.0889 0.0396875 0)
(0 0.041671875 0)
(0.002116666667 0.041671875 0)
(0.004233333333 0.041671875 0)
(0.00635 0.041671875 0)
(0.008466666667 0.041671875 0)
(0.01058333333 0.041671875 0)
(0.0127 0.041671875 0)
(0.01481666667 0.041671875 0)
(0.01693333333 0.041671875 0)
(0.01905 0.041671875 0)
(0.02116666667 0.041671875 0)
(0.02328333333 0.041671875 0)
(0.0254 0.041671875 0)
(0.02751666667 0.041671875 0)
(0.02963333333 0.041671875 0)
(0.03175 0.041671875 0)
(0.03386666667 0.041671875 0)
(0.03598333333 0.041671875 0)
(0.0381 0.041671875 0)
(0.04021666667 0.041671875 0)
(0.04233333333 0.041671875 0)
(0.04445 0.041671875 0)
(0.04656666667 0.041671875 0)
(0.04868333333 0.041671875 0)
(0.0508 0.041671875 0)
(0.05291666667 0.041671875 0)
(0.05503333333 0.041671875 0)
(0.05715 0.041671875 0)
(0.05926666667 0.041671875 0)
(0.06138333333 0.041671875 0)
(0.0635 0.041671875 0)
(0.06561666667 0.041671875 0)
(0.06773333333 0.041671875 0)
(0.06985 0.041671875 0)
(0.07196666667 0.041671875 0)
(0.07408333333 0.041671875 0)
(0.0762 0.041671875 0)
(0.07831666667 0.041671875 0)
(0.08043333333 0.041671875 0)
(0.08255 0.041671875 0)
(0.08466666667 0.041671875 0)
(0.08678333333 0.041671875 0)
(0.0889 0.041671875 0)
(0 0.04365625 0)
(0.002116666667 0.04365625 0)
(0.004233333333 0.04365625 0)
(0.00635 0.04365625 0)
(0.008466666667 0.04365625 0)
(0.01058333333 0.04365625 0)
(0.0127 0.04365625 0)
(0.01481666667 0.04365625 0)
(0.01693333333 0.04365625 0)
(0.01905 0.04365625 0)
(0.02116666667 0.04365625 0)
(0.02328333333 0.04365625 0)
(0.0254 0.04365625 0)
(0.02751666667 0.04365625 0)
(0.02963333333 0.04365625 0)
(0.03175 0.04365625 0)
(0.03386666667 0.04365625 0)
(0.03598333333 0.04365625 0)
(0.0381 0.04365625 0)
(0.04021666667 0.04365625 0)
(0.04233333333 0.04365625 0)
(0.04445 0.04365625 0)
(0.04656666667 0.04365625 0)
(0.04868333333 0.04365625 0)
(0.0508 0.04365625 0)
(0.05291666667 0.04365625 0)
(0.05503333333 0.04365625 0)
(0.05715 0.04365625 0)
(0.05926666667 0.04365625 0)
(0.06138333333 0.04365625 0)
(0.0635 0.04365625 0)
(0.06561666667 0.04365625 0)
(0.06773333333 0.04365625 0)
(0.06985 0.04365625 0)
(0.07196666667 0.04365625 0)
(0.07408333333 0.04365625 0)
(0.0762 0.04365625 0)
(0.07831666667 0.04365625 0)
(0.08043333333 0.04365625 0)
(0.08255 0.04365625 0)
(0.08466666667 0.04365625 0)
(0.08678333333 0.04365625 0)
(0.0889 0.04365625 0)
(0 0.045640625 0)
(0.002116666667 0.045640625 0)
(0.004233333333 0.045640625 0)
(0.00635 0.045640625 0)
(0.008466666667 0.045640625 0)
(0.01058333333 0.045640625 0)
(0.0127 0.045640625 0)
(0.01481666667 0.045640625 0)
(0.01693333333 0.045640625 0)
(0.01905 0.045640625 0)
(0.02116666667 0.045640625 0)
(0.02328333333 0.045640625 0)
(0.0254 0.045640625 0)
(0.02751666667 0.045640625 0)
(0.02963333333 0.045640625 0)
(0.03175 0.045640625 0)
(0.03386666667 0.045640625 0)
(0.03598333333 0.045640625 0)
(0.0381 0.045640625 0)
(0.04021666667 0.045640625 0)
(0.04233333333 0.045640625 0)
(0.04445 0.045640625 0)
(0.04656666667 0.045640625 0)
(0.04868333333 0.045640625 0)
(0.0508 0.045640625 0)
(0.05291666667 0.045640625 0)
(0.05503333333 0.045640625 0)
(0.05715 0.045640625 0)
(0.05926666667 0.045640625 0)
(0.06138333333 0.045640625 0)
(0.0635 0.045640625 0)
(0.06561666667 0.045640625 0)
(0.06773333333 0.045640625 0)
(0.06985 0.045640625 0)
(0.07196666667 0.045640625 0)
(0.07408333333 0.045640625 0)
(0.0762 0.045640625 0)
(0.07831666667 0.045640625 0)
(0.08043333333 0.045640625 0)
(0.08255 0.045640625 0)
(0.08466666667 0.045640625 0)
(0.08678333333 0.045640625 0)
(0.0889 0.045640625 0)
(0 0.047625 0)
(0.002116666667 0.047625 0)
(0.004233333333 0.047625 0)
(0.00635 0.047625 0)
(0.008466666667 0.047625 0)
(0.01058333333 0.047625 0)
(0.0127 0.047625 0)
(0.01481666667 0.047625 0)
(0.01693333333 0.047625 0)
(0.01905 0.047625 0)
(0.02116666667 0.047625 0)
(0.02328333333 0.047625 0)
(0.0254 0.047625 0)
(0.02751666667 0.047625 0)
(0.02963333333 0.047625 0)
(0.03175 0.047625 0)
(0.03386666667 0.047625 0)
(0.03598333333 0.047625 0)
(0.0381 0.047625 0)
(0.04021666667 0.047625 0)
(0.04233333333 0.047625 0)
(0.04445 0.047625 0)
(0.04656666667 0.047625 0)
(0.04868333333 0.047625 0)
(0.0508 0.047625 0)
(0.05291666667 0.047625 0)
(0.05503333333 0.047625 0)
(0.05715 0.047625 0)
(0.05926666667 0.047625 0)
(0.06138333333 0.047625 0)
(0.0635 0.047625 0)
(0.06561666667 0.047625 0)
(0.06773333333 0.047625 0)
(0.06985 0.047625 0)
(0.07196666667 0.047625 0)
(0.07408333333 0.047625 0)
(0.0762 0.047625 0)
(0.07831666667 0.047625 0)
(0.08043333333 0.047625 0)
(0.08255 0.047625 0)
(0.08466666667 0.047625 0)
(0.08678333333 0.047625 0)
(0.0889 0.047625 0)
(0 0.049609375 0)
(0.002116666667 0.049609375 0)
(0.004233333333 0.049609375 0)
(0.00635 0.049609375 0)
(0.008466666667 0.049609375 0)
(0.01058333333 0.049609375 0)
(0.0127 0.049609375 0)
(0.01481666667 0.049609375 0)
(0.01693333333 0.049609375 0)
(0.01905 0.049609375 0)
(0.02116666667 0.049609375 0)
(0.02328333333 0.049609375 0)
(0.0254 0.049609375 0)
(0.02751666667 0.049609375 0)
(0.02963333333 0.049609375 0)
(0.03175 0.049609375 0)
(0.03386666667 0.049609375 0)
(0.03598333333 0.049609375 0)
(0.0381 0.049609375 0)
(0.04021666667 0.049609375 0)
(0.04233333333 0.049609375 0)
(0.04445 0.049609375 0)
(0.04656666667 0.049609375 0)
(0.04868333333 0.049609375 0)
(0.0508 0.049609375 0)
(0.05291666667 0.049609375 0)
(0.05503333333 0.049609375 0)
(0.05715 0.049609375 0)
(0.05926666667 0.049609375 0)
(0.06138333333 0.049609375 0)
(0.0635 0.049609375 0)
(0.06561666667 0.049609375 0)
(0.06773333333 0.049609375 0)
(0.06985 0.049609375 0)
(0.07196666667 0.049609375 0)
(0.07408333333 0.049609375 0)
(0.0762 0.049609375 0)
(0.07831666667 0.049609375 0)
(0.08043333333 0.049609375 0)
(0.08255 0.049609375 0)
(0.08466666667 0.049609375 0)
(0.08678333333 0.049609375 0)
(0.0889 0.049609375 0)
(0 0.05159375 0)
(0.002116666667 0.05159375 0)
(0.004233333333 0.05159375 0)
(0.00635 0.05159375 0)
(0.008466666667 0.05159375 0)
(0.01058333333 0.05159375 0)
(0.0127 0.05159375 0)
(0.01481666667 0.05159375 0)
(0.01693333333 0.05159375 0)
(0.01905 0.05159375 0)
(0.02116666667 0.05159375 0)
(0.02328333333 0.05159375 0)
(0.0254 0.05159375 0)
(0.02751666667 0.05159375 0)
(0.02963333333 0.05159375 0)
(0.03175 0.05159375 0)
(0.03386666667 0.05159375 0)
(0.03598333333 0.05159375 0)
(0.0381 0.05159375 0)
(0.04021666667 0.05159375 0)
(0.04233333333 0.05159375 0)
(0.04445 0.05159375 0)
(0.04656666667 0.05159375 0)
(0.04868333333 0.05159375 0)
(0.0508 0.05159375 0)
(0.05291666667 0.05159375 0)
(0.05503333333 0.05159375 0)
(0.05715 0.05159375 0)
(0.05926666667 0.05159375 0)
(0.06138333333 0.05159375 0)
(0.0635 0.05159375 0)
(0.06561666667 0.05159375 0)
(0.06773333333 0.05159375 0)
(0.06985 0.05159375 0)
(0.07196666667 0.05159375 0)
(0.07408333333 0.05159375 0)
(0.0762 0.05159375 0)
(0.07831666667 0.05159375 0)
(0.08043333333 0.05159375 0)
(0.08255 0.05159375 0)
(0.08466666667 0.05159375 0)
(0.08678333333 0.05159375 0)
(0.0889 0.05159375 0)
(0 0.053578125 0)
(0.002116666667 0.053578125 0)
(0.004233333333 0.053578125 0)
(0.00635 0.053578125 0)
(0.008466666667 0.053578125 0)
(0.01058333333 0.053578125 0)
(0.0127 0.053578125 0)
(0.01481666667 0.053578125 0)
(0.01693333333 0.053578125 0)
(0.01905 0.053578125 0)
(0.02116666667 0.053578125 0)
(0.02328333333 0.053578125 0)
(0.0254 0.053578125 0)
(0.02751666667 0.053578125 0)
(0.02963333333 0.053578125 0)
(0.03175 0.053578125 0)
(0.03386666667 0.053578125 0)
(0.03598333333 0.053578125 0)
(0.0381 0.053578125 0)
(0.04021666667 0.053578125 0)
(0.04233333333 0.053578125 0)
(0.04445 0.053578125 0)
(0.04656666667 0.053578125 0)
(0.04868333333 0.053578125 0)
(0.0508 0.053578125 0)
(0.05291666667 0.053578125 0)
(0.05503333333 0.053578125 0)
(0.05715 0.053578125 0)
(0.05926666667 0.053578125 0)
(0.06138333333 0.053578125 0)
(0.0635 0.053578125 0)
(0.06561666667 0.053578125 0)
(0.06773333333 0.053578125 0)
(0.06985 0.053578125 0)
(0.07196666667 0.053578125 0)
(0.07408333333 0.053578125 0)
(0.0762 0.053578125 0)
(0.07831666667 0.053578125 0)
(0.08043333333 0.053578125 0)
(0.08255 0.053578125 0)
(0.08466666667 0.053578125 0)
(0.08678333333 0.053578125 0)
(0.0889 0.053578125 0)
(0 0.0555625 0)
(0.002116666667 0.0555625 0)
(0.004233333333 0.0555625 0)
(0.00635 0.0555625 0)
(0.008466666667 0.0555625 0)
(0.01058333333 0.0555625 0)
(0.0127 0.0555625 0)
(0.01481666667 0.0555625 0)
(0.01693333333 0.0555625 0)
(0.01905 0.0555625 0)
(0.02116666667 0.0555625 0)
(0.02328333333 0.0555625 0)
(0.0254 0.0555625 0)
(0.02751666667 0.0555625 0)
(0.02963333333 0.0555625 0)
(0.03175 0.0555625 0)
(0.03386666667 0.0555625 0)
(0.03598333333 0.0555625 0)
(0.0381 0.0555625 0)
(0.04021666667 0.0555625 0)
(0.04233333333 0.0555625 0)
(0.04445 0.0555625 0)
(0.04656666667 0.0555625 0)
(0.04868333333 0.0555625 0)
(0.0508 0.0555625 0)
(0.05291666667 0.0555625 0)
(0.05503333333 0.0555625 0)
(0.05715 0.0555625 0)
(0.05926666667 0.0555625 0)
(0.06138333333 0.0555625 0)
(0.0635 0.0555625 0)
(0.06561666667 0.0555625 0)
(0.06773333333 0.0555625 0)
(0.06985 0.0555625 0)
(0.07196666667 0.0555625 0)
(0.07408333333 0.0555625 0)
(0.0762 0.0555625 0)
(0.07831666667 0.0555625 0)
(0.08043333333 0.0555625 0)
(0.08255 0.0555625 0)
(0.08466666667 0.0555625 0)
(0.08678333333 0.0555625 0)
(0.0889 0.0555625 0)
(0 0.057546875 0)
(0.002116666667 0.057546875 0)
(0.004233333333 0.057546875 0)
(0.00635 0.057546875 0)
(0.008466666667 0.057546875 0)
(0.01058333333 0.057546875 0)
(0.0127 0.057546875 0)
(0.01481666667 0.057546875 0)
(0.01693333333 0.057546875 0)
(0.01905 0.057546875 0)
(0.02116666667 0.057546875 0)
(0.02328333333 0.057546875 0)
(0.0254 0.057546875 0)
(0.02751666667 0.057546875 0)
(0.02963333333 0.057546875 0)
(0.03175 0.057546875 0)
(0.03386666667 0.057546875 0)
(0.03598333333 0.057546875 0)
(0.0381 0.057546875 0)
(0.04021666667 0.057546875 0)
(0.04233333333 0.057546875 0)
(0.04445 0.057546875 0)
(0.04656666667 0.057546875 0)
(0.04868333333 0.057546875 0)
(0.0508 0.057546875 0)
(0.05291666667 0.057546875 0)
(0.05503333333 0.057546875 0)
(0.05715 0.057546875 0)
(0.05926666667 0.057546875 0)
(0.06138333333 0.057546875 0)
(0.0635 0.057546875 0)
(0.06561666667 0.057546875 0)
(0.06773333333 0.057546875 0)
(0.06985 0.057546875 0)
(0.07196666667 0.057546875 0)
(0.07408333333 0.057546875 0)
(0.0762 0.057546875 0)
(0.07831666667 0.057546875 0)
(0.08043333333 0.057546875 0)
(0.08255 0.057546875 0)
(0.08466666667 0.057546875 0)
(0.08678333333 0.057546875 0)
(0.0889 0.057546875 0)
(0 0.05953125 0)
(0.002116666667 0.05953125 0)
(0.004233333333 0.05953125 0)
(0.00635 0.05953125 0)
(0.008466666667 0.05953125 0)
(0.01058333333 0.05953125 0)
(0.0127 0.05953125 0)
(0.01481666667 0.05953125 0)
(0.01693333333 0.05953125 0)
(0.01905 0.05953125 0)
(0.02116666667 0.05953125 0)
(0.02328333333 0.05953125 0)
(0.0254 0.05953125 0)
(0.02751666667 0.05953125 0)
(0.02963333333 0.05953125 0)
(0.03175 0.05953125 0)
(0.03386666667 0.05953125 0)
(0.03598333333 0.05953125 0)
(0.0381 0.05953125 0)
(0.04021666667 0.05953125 0)
(0.04233333333 0.05953125 0)
(0.04445 0.05953125 0)
(0.04656666667 0.05953125 0)
(0.04868333333 0.05953125 0)
(0.0508 0.05953125 0)
(0.05291666667 0.05953125 0)
(0.05503333333 0.05953125 0)
(0.05715 0.05953125 0)
(0.05926666667 0.05953125 0)
(0.06138333333 0.05953125 0)
(0.0635 0.05953125 0)
(0.06561666667 0.05953125 0)
(0.06773333333 0.05953125 0)
(0.06985 0.05953125 0)
(0.07196666667 0.05953125 0)
(0.07408333333 0.05953125 0)
(0.0762 0.05953125 0)
(0.07831666667 0.05953125 0)
(0.08043333333 0.05953125 0)
(0.08255 0.05953125 0)
(0.08466666667 0.05953125 0)
(0.08678333333 0.05953125 0)
(0.0889 0.05953125 0)
(0 0.061515625 0)
(0.002116666667 0.061515625 0)
(0.004233333333 0.061515625 0)
(0.00635 0.061515625 0)
(0.008466666667 0.061515625 0)
(0.01058333333 0.061515625 0)
(0.0127 0.061515625 0)
(0.01481666667 0.061515625 0)
(0.01693333333 0.061515625 0)
(0.01905 0.061515625 0)
(0.02116666667 0.061515625 0)
(0.02328333333 0.061515625 0)
(0.0254 0.061515625 0)
(0.02751666667 0.061515625 0)
(0.02963333333 0.061515625 0)
(0.03175 0.061515625 0)
(0.03386666667 0.061515625 0)
(0.03598333333 0.061515625 0)
(0.0381 0.061515625 0)
(0.04021666667 0.061515625 0)
(0.04233333333 0.061515625 0)
(0.04445 0.061515625 0)
(0.04656666667 0.061515625 0)
(0.04868333333 0.061515625 0)
(0.0508 0.061515625 0)
(0.05291666667 0.061515625 0)
(0.05503333333 0.061515625 0)
(0.05715 0.061515625 0)
(0.05926666667 0.061515625 0)
(0.06138333333 0.061515625 0)
(0.0635 0.061515625 0)
(0.06561666667 0.061515625 0)
(0.06773333333 0.061515625 0)
(0.06985 0.061515625 0)
(0.07196666667 0.061515625 0)
(0.07408333333 0.061515625 0)
(0.0762 0.061515625 0)
(0.07831666667 0.061515625 0)
(0.08043333333 0.061515625 0)
(0.08255 0.061515625 0)
(0.08466666667 0.061515625 0)
(0.08678333333 0.061515625 0)
(0.0889 0.061515625 0)
(0 0.0635 0)
(0.002116666667 0.0635 0)
(0.004233333333 0.0635 0)
(0.00635 0.0635 0)
(0.008466666667 0.0635 0)
(0.01058333333 0.0635 0)
(0.0127 0.0635 0)
(0.01481666667 0.0635 0)
(0.01693333333 0.0635 0)
(0.01905 0.0635 0)
(0.02116666667 0.0635 0)
(0.02328333333 0.0635 0)
(0.0254 0.0635 0)
(0.02751666667 0.0635 0)
(0.02963333333 0.0635 0)
(0.03175 0.0635 0)
(0.03386666667 0.0635 0)
(0.03598333333 0.0635 0)
(0.0381 0.0635 0)
(0.04021666667 0.0635 0)
(0.04233333333 0.0635 0)
(0.04445 0.0635 0)
(0.04656666667 0.0635 0)
(0.04868333333 0.0635 0)
(0.0508 0.0635 0)
(0.05291666667 0.0635 0)
(0.05503333333 0.0635 0)
(0.05715 0.0635 0)
(0.05926666667 0.0635 0)
(0.06138333333 0.0635 0)
(0.0635 0.0635 0)
(0.06561666667 0.0635 0)
(0.06773333333 0.0635 0)
(0.06985 0.0635 0)
(0.07196666667 0.0635 0)
(0.07408333333 0.0635 0)
(0.0762 0.0635 0)
(0.07831666667 0.0635 0)
(0.08043333333 0.0635 0)
(0.08255 0.0635 0)
(0.08466666667 0.0635 0)
(0.08678333333 0.0635 0)
(0.0889 0.0635 0)
(0 0 0.001)
(0.002116666667 0 0.001)
(0.004233333333 0 0.001)
(0.00635 0 0.001)
(0.008466666667 0 0.001)
(0.01058333333 0 0.001)
(0.0127 0 0.001)
(0.01481666667 0 0.001)
(0.01693333333 0 0.001)
(0.01905 0 0.001)
(0.02116666667 0 0.001)
(0.02328333333 0 0.001)
(0.0254 0 0.001)
(0.02751666667 0 0.001)
(0.02963333333 0 0.001)
(0.03175 0 0.001)
(0.03386666667 0 0.001)
(0.03598333333 0 0.001)
(0.0381 0 0.001)
(0.04021666667 0 0.001)
(0.04233333333 0 0.001)
(0.04445 0 0.001)
(0.04656666667 0 0.001)
(0.04868333333 0 0.001)
(0.0508 0 0.001)
(0.05291666667 0 0.001)
(0.05503333333 0 0.001)
(0.05715 0 0.001)
(0.05926666667 0 0.001)
(0.06138333333 0 0.001)
(0.0635 0 0.001)
(0.06561666667 0 0.001)
(0.06773333333 0 0.001)
(0.06985 0 0.001)
(0.07196666667 0 0.001)
(0.07408333333 0 0.001)
(0.0762 0 0.001)
(0.07831666667 0 0.001)
(0.08043333333 0 0.001)
(0.08255 0 0.001)
(0.08466666667 0 0.001)
(0.08678333333 0 0.001)
(0.0889 0 0.001)
(0 0.001984375 0.001)
(0.002116666667 0.001984375 0.001)
(0.004233333333 0.001984375 0.001)
(0.00635 0.001984375 0.001)
(0.008466666667 0.001984375 0.001)
(0.01058333333 0.001984375 0.001)
(0.0127 0.001984375 0.001)
(0.01481666667 0.001984375 0.001)
(0.01693333333 0.001984375 0.001)
(0.01905 0.001984375 0.001)
(0.02116666667 0.001984375 0.001)
(0.02328333333 0.001984375 0.001)
(0.0254 0.001984375 0.001)
(0.02751666667 0.001984375 0.001)
(0.02963333333 0.001984375 0.001)
(0.03175 0.001984375 0.001)
(0.03386666667 0.001984375 0.001)
(0.03598333333 0.001984375 0.001)
(0.0381 0.001984375 0.001)
(0.04021666667 0.001984375 0.001)
(0.04233333333 0.001984375 0.001)
(0.04445 0.001984375 0.001)
(0.04656666667 0.001984375 0.001)
(0.04868333333 0.001984375 0.001)
(0.0508 0.001984375 0.001)
(0.05291666667 0.001984375 0.001)
(0.05503333333 0.001984375 0.001)
(0.05715 0.001984375 0.001)
(0.05926666667 0.001984375 0.001)
(0.06138333333 0.001984375 0.001)
(0.0635 0.001984375 0.001)
(0.06561666667 0.001984375 0.001)
(0.06773333333 0.001984375 0.001)
(0.06985 0.001984375 0.001)
(0.07196666667 0.001984375 0.001)
(0.07408333333 0.001984375 0.001)
(0.0762 0.001984375 0.001)
(0.07831666667 0.001984375 0.001)
(0.08043333333 0.001984375 0.001)
(0.08255 0.001984375 0.001)
(0.08466666667 0.001984375 0.001)
(0.08678333333 0.001984375 0.001)
(0.0889 0.001984375 0.001)
(0 0.00396875 0.001)
(0.002116666667 0.00396875 0.001)
(0.004233333333 0.00396875 0.001)
(0.00635 0.00396875 0.001)
(0.008466666667 0.00396875 0.001)
(0.01058333333 0.00396875 0.001)
(0.0127 0.00396875 0.001)
(0.01481666667 0.00396875 0.001)
(0.01693333333 0.00396875 0.001)
(0.01905 0.00396875 0.001)
(0.02116666667 0.00396875 0.001)
(0.02328333333 0.00396875 0.001)
(0.0254 0.00396875 0.001)
(0.02751666667 0.00396875 0.001)
(0.02963333333 0.00396875 0.001)
(0.03175 0.00396875 0.001)
(0.03386666667 0.00396875 0.001)
(0.03598333333 0.00396875 0.001)
(0.0381 0.00396875 0.001)
(0.04021666667 0.00396875 0.001)
(0.04233333333 0.00396875 0.001)
(0.04445 0.00396875 0.001)
(0.04656666667 0.00396875 0.001)
(0.04868333333 0.00396875 0.001)
(0.0508 0.00396875 0.001)
(0.05291666667 0.00396875 0.001)
(0.05503333333 0.00396875 0.001)
(0.05715 0.00396875 0.001)
(0.05926666667 0.00396875 0.001)
(0.06138333333 0.00396875 0.001)
(0.0635 0.00396875 0.001)
(0.06561666667 0.00396875 0.001)
(0.06773333333 0.00396875 0.001)
(0.06985 0.00396875 0.001)
(0.07196666667 0.00396875 0.001)
(0.07408333333 0.00396875 0.001)
(0.0762 0.00396875 0.001)
(0.07831666667 0.00396875 0.001)
(0.08043333333 0.00396875 0.001)
(0.08255 0.00396875 0.001)
(0.08466666667 0.00396875 0.001)
(0.08678333333 0.00396875 0.001)
(0.0889 0.00396875 0.001)
(0 0.005953125 0.001)
(0.002116666667 0.005953125 0.001)
(0.004233333333 0.005953125 0.001)
(0.00635 0.005953125 0.001)
(0.008466666667 0.005953125 0.001)
(0.01058333333 0.005953125 0.001)
(0.0127 0.005953125 0.001)
(0.01481666667 0.005953125 0.001)
(0.01693333333 0.005953125 0.001)
(0.01905 0.005953125 0.001)
(0.02116666667 0.005953125 0.001)
(0.02328333333 0.005953125 0.001)
(0.0254 0.005953125 0.001)
(0.02751666667 0.005953125 0.001)
(0.02963333333 0.005953125 0.001)
(0.03175 0.005953125 0.001)
(0.03386666667 0.005953125 0.001)
(0.03598333333 0.005953125 0.001)
(0.0381 0.005953125 0.001)
(0.04021666667 0.005953125 0.001)
(0.04233333333 0.005953125 0.001)
(0.04445 0.005953125 0.001)
(0.04656666667 0.005953125 0.001)
(0.04868333333 0.005953125 0.001)
(0.0508 0.005953125 0.001)
(0.05291666667 0.005953125 0.001)
(0.05503333333 0.005953125 0.001)
(0.05715 0.005953125 0.001)
(0.05926666667 0.005953125 0.001)
(0.06138333333 0.005953125 0.001)
(0.0635 0.005953125 0.001)
(0.06561666667 0.005953125 0.001)
(0.06773333333 0.005953125 0.001)
(0.06985 0.005953125 0.001)
(0.07196666667 0.005953125 0.001)
(0.07408333333 0.005953125 0.001)
(0.0762 0.005953125 0.001)
(0.07831666667 0.005953125 0.001)
(0.08043333333 0.005953125 0.001)
(0.08255 0.005953125 0.001)
(0.08466666667 0.005953125 0.001)
(0.08678333333 0.005953125 0.001)
(0.0889 0.005953125 0.001)
(0 0.0079375 0.001)
(0.002116666667 0.0079375 0.001)
(0.004233333333 0.0079375 0.001)
(0.00635 0.0079375 0.001)
(0.008466666667 0.0079375 0.001)
(0.01058333333 0.0079375 0.001)
(0.0127 0.0079375 0.001)
(0.01481666667 0.0079375 0.001)
(0.01693333333 0.0079375 0.001)
(0.01905 0.0079375 0.001)
(0.02116666667 0.0079375 0.001)
(0.02328333333 0.0079375 0.001)
(0.0254 0.0079375 0.001)
(0.02751666667 0.0079375 0.001)
(0.02963333333 0.0079375 0.001)
(0.03175 0.0079375 0.001)
(0.03386666667 0.0079375 0.001)
(0.03598333333 0.0079375 0.001)
(0.0381 0.0079375 0.001)
(0.04021666667 0.0079375 0.001)
(0.04233333333 0.0079375 0.001)
(0.04445 0.0079375 0.001)
(0.04656666667 0.0079375 0.001)
(0.04868333333 0.0079375 0.001)
(0.0508 0.0079375 0.001)
(0.05291666667 0.0079375 0.001)
(0.05503333333 0.0079375 0.001)
(0.05715 0.0079375 0.001)
(0.05926666667 0.0079375 0.001)
(0.06138333333 0.0079375 0.001)
(0.0635 0.0079375 0.001)
(0.06561666667 0.0079375 0.001)
(0.06773333333 0.0079375 0.001)
(0.06985 0.0079375 0.001)
(0.07196666667 0.0079375 0.001)
(0.07408333333 0.0079375 0.001)
(0.0762 0.0079375 0.001)
(0.07831666667 0.0079375 0.001)
(0.08043333333 0.0079375 0.001)
(0.08255 0.0079375 0.001)
(0.08466666667 0.0079375 0.001)
(0.08678333333 0.0079375 0.001)
(0.0889 0.0079375 0.001)
(0 0.009921875 0.001)
(0.002116666667 0.009921875 0.001)
(0.004233333333 0.009921875 0.001)
(0.00635 0.009921875 0.001)
(0.008466666667 0.009921875 0.001)
(0.01058333333 0.009921875 0.001)
(0.0127 0.009921875 0.001)
(0.01481666667 0.009921875 0.001)
(0.01693333333 0.009921875 0.001)
(0.01905 0.009921875 0.001)
(0.02116666667 0.009921875 0.001)
(0.02328333333 0.009921875 0.001)
(0.0254 0.009921875 0.001)
(0.02751666667 0.009921875 0.001)
(0.02963333333 0.009921875 0.001)
(0.03175 0.009921875 0.001)
(0.03386666667 0.009921875 0.001)
(0.03598333333 0.009921875 0.001)
(0.0381 0.009921875 0.001)
(0.04021666667 0.009921875 0.001)
(0.04233333333 0.009921875 0.001)
(0.04445 0.009921875 0.001)
(0.04656666667 0.009921875 0.001)
(0.04868333333 0.009921875 0.001)
(0.0508 0.009921875 0.001)
(0.05291666667 0.009921875 0.001)
(0.05503333333 0.009921875 0.001)
(0.05715 0.009921875 0.001)
(0.05926666667 0.009921875 0.001)
(0.06138333333 0.009921875 0.001)
(0.0635 0.009921875 0.001)
(0.06561666667 0.009921875 0.001)
(0.06773333333 0.009921875 0.001)
(0.06985 0.009921875 0.001)
(0.07196666667 0.009921875 0.001)
(0.07408333333 0.009921875 0.001)
(0.0762 0.009921875 0.001)
(0.07831666667 0.009921875 0.001)
(0.08043333333 0.009921875 0.001)
(0.08255 0.009921875 0.001)
(0.08466666667 0.009921875 0.001)
(0.08678333333 0.009921875 0.001)
(0.0889 0.009921875 0.001)
(0 0.01190625 0.001)
(0.002116666667 0.01190625 0.001)
(0.004233333333 0.01190625 0.001)
(0.00635 0.01190625 0.001)
(0.008466666667 0.01190625 0.001)
(0.01058333333 0.01190625 0.001)
(0.0127 0.01190625 0.001)
(0.01481666667 0.01190625 0.001)
(0.01693333333 0.01190625 0.001)
(0.01905 0.01190625 0.001)
(0.02116666667 0.01190625 0.001)
(0.02328333333 0.01190625 0.001)
(0.0254 0.01190625 0.001)
(0.02751666667 0.01190625 0.001)
(0.02963333333 0.01190625 0.001)
(0.03175 0.01190625 0.001)
(0.03386666667 0.01190625 0.001)
(0.03598333333 0.01190625 0.001)
(0.0381 0.01190625 0.001)
(0.04021666667 0.01190625 0.001)
(0.04233333333 0.01190625 0.001)
(0.04445 0.01190625 0.001)
(0.04656666667 0.01190625 0.001)
(0.04868333333 0.01190625 0.001)
(0.0508 0.01190625 0.001)
(0.05291666667 0.01190625 0.001)
(0.05503333333 0.01190625 0.001)
(0.05715 0.01190625 0.001)
(0.05926666667 0.01190625 0.001)
(0.06138333333 0.01190625 0.001)
(0.0635 0.01190625 0.001)
(0.06561666667 0.01190625 0.001)
(0.06773333333 0.01190625 0.001)
(0.06985 0.01190625 0.001)
(0.07196666667 0.01190625 0.001)
(0.07408333333 0.01190625 0.001)
(0.0762 0.01190625 0.001)
(0.07831666667 0.01190625 0.001)
(0.08043333333 0.01190625 0.001)
(0.08255 0.01190625 0.001)
(0.08466666667 0.01190625 0.001)
(0.08678333333 0.01190625 0.001)
(0.0889 0.01190625 0.001)
(0 0.013890625 0.001)
(0.002116666667 0.013890625 0.001)
(0.004233333333 0.013890625 0.001)
(0.00635 0.013890625 0.001)
(0.008466666667 0.013890625 0.001)
(0.01058333333 0.013890625 0.001)
(0.0127 0.013890625 0.001)
(0.01481666667 0.013890625 0.001)
(0.01693333333 0.013890625 0.001)
(0.01905 0.013890625 0.001)
(0.02116666667 0.013890625 0.001)
(0.02328333333 0.013890625 0.001)
(0.0254 0.013890625 0.001)
(0.02751666667 0.013890625 0.001)
(0.02963333333 0.013890625 0.001)
(0.03175 0.013890625 0.001)
(0.03386666667 0.013890625 0.001)
(0.03598333333 0.013890625 0.001)
(0.0381 0.013890625 0.001)
(0.04021666667 0.013890625 0.001)
(0.04233333333 0.013890625 0.001)
(0.04445 0.013890625 0.001)
(0.04656666667 0.013890625 0.001)
(0.04868333333 0.013890625 0.001)
(0.0508 0.013890625 0.001)
(0.05291666667 0.013890625 0.001)
(0.05503333333 0.013890625 0.001)
(0.05715 0.013890625 0.001)
(0.05926666667 0.013890625 0.001)
(0.06138333333 0.013890625 0.001)
(0.0635 0.013890625 0.001)
(0.06561666667 0.013890625 0.001)
(0.06773333333 0.013890625 0.001)
(0.06985 0.013890625 0.001)
(0.07196666667 0.013890625 0.001)
(0.07408333333 0.013890625 0.001)
(0.0762 0.013890625 0.001)
(0.07831666667 0.013890625 0.001)
(0.08043333333 0.013890625 0.001)
(0.08255 0.013890625 0.001)
(0.08466666667 0.013890625 0.001)
(0.08678333333 0.013890625 0.001)
(0.0889 0.013890625 0.001)
(0 0.015875 0.001)
(0.002116666667 0.015875 0.001)
(0.004233333333 0.015875 0.001)
(0.00635 0.015875 0.001)
(0.008466666667 0.015875 0.001)
(0.01058333333 0.015875 0.001)
(0.0127 0.015875 0.001)
(0.01481666667 0.015875 0.001)
(0.01693333333 0.015875 0.001)
(0.01905 0.015875 0.001)
(0.02116666667 0.015875 0.001)
(0.02328333333 0.015875 0.001)
(0.0254 0.015875 0.001)
(0.02751666667 0.015875 0.001)
(0.02963333333 0.015875 0.001)
(0.03175 0.015875 0.001)
(0.03386666667 0.015875 0.001)
(0.03598333333 0.015875 0.001)
(0.0381 0.015875 0.001)
(0.04021666667 0.015875 0.001)
(0.04233333333 0.015875 0.001)
(0.04445 0.015875 0.001)
(0.04656666667 0.015875 0.001)
(0.04868333333 0.015875 0.001)
(0.0508 0.015875 0.001)
(0.05291666667 0.015875 0.001)
(0.05503333333 0.015875 0.001)
(0.05715 0.015875 0.001)
(0.05926666667 0.015875 0.001)
(0.06138333333 0.015875 0.001)
(0.0635 0.015875 0.001)
(0.06561666667 0.015875 0.001)
(0.06773333333 0.015875 0.001)
(0.06985 0.015875 0.001)
(0.07196666667 0.015875 0.001)
(0.07408333333 0.015875 0.001)
(0.0762 0.015875 0.001)
(0.07831666667 0.015875 0.001)
(0.08043333333 0.015875 0.001)
(0.08255 0.015875 0.001)
(0.08466666667 0.015875 0.001)
(0.08678333333 0.015875 0.001)
(0.0889 0.015875 0.001)
(0 0.017859375 0.001)
(0.002116666667 0.017859375 0.001)
(0.004233333333 0.017859375 0.001)
(0.00635 0.017859375 0.001)
(0.008466666667 0.017859375 0.001)
(0.01058333333 0.017859375 0.001)
(0.0127 0.017859375 0.001)
(0.01481666667 0.017859375 0.001)
(0.01693333333 0.017859375 0.001)
(0.01905 0.017859375 0.001)
(0.02116666667 0.017859375 0.001)
(0.02328333333 0.017859375 0.001)
(0.0254 0.017859375 0.001)
(0.02751666667 0.017859375 0.001)
(0.02963333333 0.017859375 0.001)
(0.03175 0.017859375 0.001)
(0.03386666667 0.017859375 0.001)
(0.03598333333 0.017859375 0.001)
(0.0381 0.017859375 0.001)
(0.04021666667 0.017859375 0.001)
(0.04233333333 0.017859375 0.001)
(0.04445 0.017859375 0.001)
(0.04656666667 0.017859375 0.001)
(0.04868333333 0.017859375 0.001)
(0.0508 0.017859375 0.001)
(0.05291666667 0.017859375 0.001)
(0.05503333333 0.017859375 0.001)
(0.05715 0.017859375 0.001)
(0.05926666667 0.017859375 0.001)
(0.06138333333 0.017859375 0.001)
(0.0635 0.017859375 0.001)
(0.06561666667 0.017859375 0.001)
(0.06773333333 0.017859375 0.001)
(0.06985 0.017859375 0.001)
(0.07196666667 0.017859375 0.001)
(0.07408333333 0.017859375 0.001)
(0.0762 0.017859375 0.001)
(0.07831666667 0.017859375 0.001)
(0.08043333333 0.017859375 0.001)
(0.08255 0.017859375 0.001)
(0.08466666667 0.017859375 0.001)
(0.08678333333 0.017859375 0.001)
(0.0889 0.017859375 0.001)
(0 0.01984375 0.001)
(0.002116666667 0.01984375 0.001)
(0.004233333333 0.01984375 0.001)
(0.00635 0.01984375 0.001)
(0.008466666667 0.01984375 0.001)
(0.01058333333 0.01984375 0.001)
(0.0127 0.01984375 0.001)
(0.01481666667 0.01984375 0.001)
(0.01693333333 0.01984375 0.001)
(0.01905 0.01984375 0.001)
(0.02116666667 0.01984375 0.001)
(0.02328333333 0.01984375 0.001)
(0.0254 0.01984375 0.001)
(0.02751666667 0.01984375 0.001)
(0.02963333333 0.01984375 0.001)
(0.03175 0.01984375 0.001)
(0.03386666667 0.01984375 0.001)
(0.03598333333 0.01984375 0.001)
(0.0381 0.01984375 0.001)
(0.04021666667 0.01984375 0.001)
(0.04233333333 0.01984375 0.001)
(0.04445 0.01984375 0.001)
(0.04656666667 0.01984375 0.001)
(0.04868333333 0.01984375 0.001)
(0.0508 0.01984375 0.001)
(0.05291666667 0.01984375 0.001)
(0.05503333333 0.01984375 0.001)
(0.05715 0.01984375 0.001)
(0.05926666667 0.01984375 0.001)
(0.06138333333 0.01984375 0.001)
(0.0635 0.01984375 0.001)
(0.06561666667 0.01984375 0.001)
(0.06773333333 0.01984375 0.001)
(0.06985 0.01984375 0.001)
(0.07196666667 0.01984375 0.001)
(0.07408333333 0.01984375 0.001)
(0.0762 0.01984375 0.001)
(0.07831666667 0.01984375 0.001)
(0.08043333333 0.01984375 0.001)
(0.08255 0.01984375 0.001)
(0.08466666667 0.01984375 0.001)
(0.08678333333 0.01984375 0.001)
(0.0889 0.01984375 0.001)
(0 0.021828125 0.001)
(0.002116666667 0.021828125 0.001)
(0.004233333333 0.021828125 0.001)
(0.00635 0.021828125 0.001)
(0.008466666667 0.021828125 0.001)
(0.01058333333 0.021828125 0.001)
(0.0127 0.021828125 0.001)
(0.01481666667 0.021828125 0.001)
(0.01693333333 0.021828125 0.001)
(0.01905 0.021828125 0.001)
(0.02116666667 0.021828125 0.001)
(0.02328333333 0.021828125 0.001)
(0.0254 0.021828125 0.001)
(0.02751666667 0.021828125 0.001)
(0.02963333333 0.021828125 0.001)
(0.03175 0.021828125 0.001)
(0.03386666667 0.021828125 0.001)
(0.03598333333 0.021828125 0.001)
(0.0381 0.021828125 0.001)
(0.04021666667 0.021828125 0.001)
(0.04233333333 0.021828125 0.001)
(0.04445 0.021828125 0.001)
(0.04656666667 0.021828125 0.001)
(0.04868333333 0.021828125 0.001)
(0.0508 0.021828125 0.001)
(0.05291666667 0.021828125 0.001)
(0.05503333333 0.021828125 0.001)
(0.05715 0.021828125 0.001)
(0.05926666667 0.021828125 0.001)
(0.06138333333 0.021828125 0.001)
(0.0635 0.021828125 0.001)
(0.06561666667 0.021828125 0.001)
(0.06773333333 0.021828125 0.001)
(0.06985 0.021828125 0.001)
(0.07196666667 0.021828125 0.001)
(0.07408333333 0.021828125 0.001)
(0.0762 0.021828125 0.001)
(0.07831666667 0.021828125 0.001)
(0.08043333333 0.021828125 0.001)
(0.08255 0.021828125 0.001)
(0.08466666667 0.021828125 0.001)
(0.08678333333 0.021828125 0.001)
(0.0889 0.021828125 0.001)
(0 0.0238125 0.001)
(0.002116666667 0.0238125 0.001)
(0.004233333333 0.0238125 0.001)
(0.00635 0.0238125 0.001)
(0.008466666667 0.0238125 0.001)
(0.01058333333 0.0238125 0.001)
(0.0127 0.0238125 0.001)
(0.01481666667 0.0238125 0.001)
(0.01693333333 0.0238125 0.001)
(0.01905 0.0238125 0.001)
(0.02116666667 0.0238125 0.001)
(0.02328333333 0.0238125 0.001)
(0.0254 0.0238125 0.001)
(0.02751666667 0.0238125 0.001)
(0.02963333333 0.0238125 0.001)
(0.03175 0.0238125 0.001)
(0.03386666667 0.0238125 0.001)
(0.03598333333 0.0238125 0.001)
(0.0381 0.0238125 0.001)
(0.04021666667 0.0238125 0.001)
(0.04233333333 0.0238125 0.001)
(0.04445 0.0238125 0.001)
(0.04656666667 0.0238125 0.001)
(0.04868333333 0.0238125 0.001)
(0.0508 0.0238125 0.001)
(0.05291666667 0.0238125 0.001)
(0.05503333333 0.0238125 0.001)
(0.05715 0.0238125 0.001)
(0.05926666667 0.0238125 0.001)
(0.06138333333 0.0238125 0.001)
(0.0635 0.0238125 0.001)
(0.06561666667 0.0238125 0.001)
(0.06773333333 0.0238125 0.001)
(0.06985 0.0238125 0.001)
(0.07196666667 0.0238125 0.001)
(0.07408333333 0.0238125 0.001)
(0.0762 0.0238125 0.001)
(0.07831666667 0.0238125 0.001)
(0.08043333333 0.0238125 0.001)
(0.08255 0.0238125 0.001)
(0.08466666667 0.0238125 0.001)
(0.08678333333 0.0238125 0.001)
(0.0889 0.0238125 0.001)
(0 0.025796875 0.001)
(0.002116666667 0.025796875 0.001)
(0.004233333333 0.025796875 0.001)
(0.00635 0.025796875 0.001)
(0.008466666667 0.025796875 0.001)
(0.01058333333 0.025796875 0.001)
(0.0127 0.025796875 0.001)
(0.01481666667 0.025796875 0.001)
(0.01693333333 0.025796875 0.001)
(0.01905 0.025796875 0.001)
(0.02116666667 0.025796875 0.001)
(0.02328333333 0.025796875 0.001)
(0.0254 0.025796875 0.001)
(0.02751666667 0.025796875 0.001)
(0.02963333333 0.025796875 0.001)
(0.03175 0.025796875 0.001)
(0.03386666667 0.025796875 0.001)
(0.03598333333 0.025796875 0.001)
(0.0381 0.025796875 0.001)
(0.04021666667 0.025796875 0.001)
(0.04233333333 0.025796875 0.001)
(0.04445 0.025796875 0.001)
(0.04656666667 0.025796875 0.001)
(0.04868333333 0.025796875 0.001)
(0.0508 0.025796875 0.001)
(0.05291666667 0.025796875 0.001)
(0.05503333333 0.025796875 0.001)
(0.05715 0.025796875 0.001)
(0.05926666667 0.025796875 0.001)
(0.06138333333 0.025796875 0.001)
(0.0635 0.025796875 0.001)
(0.06561666667 0.025796875 0.001)
(0.06773333333 0.025796875 0.001)
(0.06985 0.025796875 0.001)
(0.07196666667 0.025796875 0.001)
(0.07408333333 0.025796875 0.001)
(0.0762 0.025796875 0.001)
(0.07831666667 0.025796875 0.001)
(0.08043333333 0.025796875 0.001)
(0.08255 0.025796875 0.001)
(0.08466666667 0.025796875 0.001)
(0.08678333333 0.025796875 0.001)
(0.0889 0.025796875 0.001)
(0 0.02778125 0.001)
(0.002116666667 0.02778125 0.001)
(0.004233333333 0.02778125 0.001)
(0.00635 0.02778125 0.001)
(0.008466666667 0.02778125 0.001)
(0.01058333333 0.02778125 0.001)
(0.0127 0.02778125 0.001)
(0.01481666667 0.02778125 0.001)
(0.01693333333 0.02778125 0.001)
(0.01905 0.02778125 0.001)
(0.02116666667 0.02778125 0.001)
(0.02328333333 0.02778125 0.001)
(0.0254 0.02778125 0.001)
(0.02751666667 0.02778125 0.001)
(0.02963333333 0.02778125 0.001)
(0.03175 0.02778125 0.001)
(0.03386666667 0.02778125 0.001)
(0.03598333333 0.02778125 0.001)
(0.0381 0.02778125 0.001)
(0.04021666667 0.02778125 0.001)
(0.04233333333 0.02778125 0.001)
(0.04445 0.02778125 0.001)
(0.04656666667 0.02778125 0.001)
(0.04868333333 0.02778125 0.001)
(0.0508 0.02778125 0.001)
(0.05291666667 0.02778125 0.001)
(0.05503333333 0.02778125 0.001)
(0.05715 0.02778125 0.001)
(0.05926666667 0.02778125 0.001)
(0.06138333333 0.02778125 0.001)
(0.0635 0.02778125 0.001)
(0.06561666667 0.02778125 0.001)
(0.06773333333 0.02778125 0.001)
(0.06985 0.02778125 0.001)
(0.07196666667 0.02778125 0.001)
(0.07408333333 0.02778125 0.001)
(0.0762 0.02778125 0.001)
(0.07831666667 0.02778125 0.001)
(0.08043333333 0.02778125 0.001)
(0.08255 0.02778125 0.001)
(0.08466666667 0.02778125 0.001)
(0.08678333333 0.02778125 0.001)
(0.0889 0.02778125 0.001)
(0 0.029765625 0.001)
(0.002116666667 0.029765625 0.001)
(0.004233333333 0.029765625 0.001)
(0.00635 0.029765625 0.001)
(0.008466666667 0.029765625 0.001)
(0.01058333333 0.029765625 0.001)
(0.0127 0.029765625 0.001)
(0.01481666667 0.029765625 0.001)
(0.01693333333 0.029765625 0.001)
(0.01905 0.029765625 0.001)
(0.02116666667 0.029765625 0.001)
(0.02328333333 0.029765625 0.001)
(0.0254 0.029765625 0.001)
(0.02751666667 0.029765625 0.001)
(0.02963333333 0.029765625 0.001)
(0.03175 0.029765625 0.001)
(0.03386666667 0.029765625 0.001)
(0.03598333333 0.029765625 0.001)
(0.0381 0.029765625 0.001)
(0.04021666667 0.029765625 0.001)
(0.04233333333 0.029765625 0.001)
(0.04445 0.029765625 0.001)
(0.04656666667 0.029765625 0.001)
(0.04868333333 0.029765625 0.001)
(0.0508 0.029765625 0.001)
(0.05291666667 0.029765625 0.001)
(0.05503333333 0.029765625 0.001)
(0.05715 0.029765625 0.001)
(0.05926666667 0.029765625 0.001)
(0.06138333333 0.029765625 0.001)
(0.0635 0.029765625 0.001)
(0.06561666667 0.029765625 0.001)
(0.06773333333 0.029765625 0.001)
(0.06985 0.029765625 0.001)
(0.07196666667 0.029765625 0.001)
(0.07408333333 0.029765625 0.001)
(0.0762 0.029765625 0.001)
(0.07831666667 0.029765625 0.001)
(0.08043333333 0.029765625 0.001)
(0.08255 0.029765625 0.001)
(0.08466666667 0.029765625 0.001)
(0.08678333333 0.029765625 0.001)
(0.0889 0.029765625 0.001)
(0 0.03175 0.001)
(0.002116666667 0.03175 0.001)
(0.004233333333 0.03175 0.001)
(0.00635 0.03175 0.001)
(0.008466666667 0.03175 0.001)
(0.01058333333 0.03175 0.001)
(0.0127 0.03175 0.001)
(0.01481666667 0.03175 0.001)
(0.01693333333 0.03175 0.001)
(0.01905 0.03175 0.001)
(0.02116666667 0.03175 0.001)
(0.02328333333 0.03175 0.001)
(0.0254 0.03175 0.001)
(0.02751666667 0.03175 0.001)
(0.02963333333 0.03175 0.001)
(0.03175 0.03175 0.001)
(0.03386666667 0.03175 0.001)
(0.03598333333 0.03175 0.001)
(0.0381 0.03175 0.001)
(0.04021666667 0.03175 0.001)
(0.04233333333 0.03175 0.001)
(0.04445 0.03175 0.001)
(0.04656666667 0.03175 0.001)
(0.04868333333 0.03175 0.001)
(0.0508 0.03175 0.001)
(0.05291666667 0.03175 0.001)
(0.05503333333 0.03175 0.001)
(0.05715 0.03175 0.001)
(0.05926666667 0.03175 0.001)
(0.06138333333 0.03175 0.001)
(0.0635 0.03175 0.001)
(0.06561666667 0.03175 0.001)
(0.06773333333 0.03175 0.001)
(0.06985 0.03175 0.001)
(0.07196666667 0.03175 0.001)
(0.07408333333 0.03175 0.001)
(0.0762 0.03175 0.001)
(0.07831666667 0.03175 0.001)
(0.08043333333 0.03175 0.001)
(0.08255 0.03175 0.001)
(0.08466666667 0.03175 0.001)
(0.08678333333 0.03175 0.001)
(0.0889 0.03175 0.001)
(0 0.033734375 0.001)
(0.002116666667 0.033734375 0.001)
(0.004233333333 0.033734375 0.001)
(0.00635 0.033734375 0.001)
(0.008466666667 0.033734375 0.001)
(0.01058333333 0.033734375 0.001)
(0.0127 0.033734375 0.001)
(0.01481666667 0.033734375 0.001)
(0.01693333333 0.033734375 0.001)
(0.01905 0.033734375 0.001)
(0.02116666667 0.033734375 0.001)
(0.02328333333 0.033734375 0.001)
(0.0254 0.033734375 0.001)
(0.02751666667 0.033734375 0.001)
(0.02963333333 0.033734375 0.001)
(0.03175 0.033734375 0.001)
(0.03386666667 0.033734375 0.001)
(0.03598333333 0.033734375 0.001)
(0.0381 0.033734375 0.001)
(0.04021666667 0.033734375 0.001)
(0.04233333333 0.033734375 0.001)
(0.04445 0.033734375 0.001)
(0.04656666667 0.033734375 0.001)
(0.04868333333 0.033734375 0.001)
(0.0508 0.033734375 0.001)
(0.05291666667 0.033734375 0.001)
(0.05503333333 0.033734375 0.001)
(0.05715 0.033734375 0.001)
(0.05926666667 0.033734375 0.001)
(0.06138333333 0.033734375 0.001)
(0.0635 0.033734375 0.001)
(0.06561666667 0.033734375 0.001)
(0.06773333333 0.033734375 0.001)
(0.06985 0.033734375 0.001)
(0.07196666667 0.033734375 0.001)
(0.07408333333 0.033734375 0.001)
(0.0762 0.033734375 0.001)
(0.07831666667 0.033734375 0.001)
(0.08043333333 0.033734375 0.001)
(0.08255 0.033734375 0.001)
(0.08466666667 0.033734375 0.001)
(0.08678333333 0.033734375 0.001)
(0.0889 0.033734375 0.001)
(0 0.03571875 0.001)
(0.002116666667 0.03571875 0.001)
(0.004233333333 0.03571875 0.001)
(0.00635 0.03571875 0.001)
(0.008466666667 0.03571875 0.001)
(0.01058333333 0.03571875 0.001)
(0.0127 0.03571875 0.001)
(0.01481666667 0.03571875 0.001)
(0.01693333333 0.03571875 0.001)
(0.01905 0.03571875 0.001)
(0.02116666667 0.03571875 0.001)
(0.02328333333 0.03571875 0.001)
(0.0254 0.03571875 0.001)
(0.02751666667 0.03571875 0.001)
(0.02963333333 0.03571875 0.001)
(0.03175 0.03571875 0.001)
(0.03386666667 0.03571875 0.001)
(0.03598333333 0.03571875 0.001)
(0.0381 0.03571875 0.001)
(0.04021666667 0.03571875 0.001)
(0.04233333333 0.03571875 0.001)
(0.04445 0.03571875 0.001)
(0.04656666667 0.03571875 0.001)
(0.04868333333 0.03571875 0.001)
(0.0508 0.03571875 0.001)
(0.05291666667 0.03571875 0.001)
(0.05503333333 0.03571875 0.001)
(0.05715 0.03571875 0.001)
(0.05926666667 0.03571875 0.001)
(0.06138333333 0.03571875 0.001)
(0.0635 0.03571875 0.001)
(0.06561666667 0.03571875 0.001)
(0.06773333333 0.03571875 0.001)
(0.06985 0.03571875 0.001)
(0.07196666667 0.03571875 0.001)
(0.07408333333 0.03571875 0.001)
(0.0762 0.03571875 0.001)
(0.07831666667 0.03571875 0.001)
(0.08043333333 0.03571875 0.001)
(0.08255 0.03571875 0.001)
(0.08466666667 0.03571875 0.001)
(0.08678333333 0.03571875 0.001)
(0.0889 0.03571875 0.001)
(0 0.037703125 0.001)
(0.002116666667 0.037703125 0.001)
(0.004233333333 0.037703125 0.001)
(0.00635 0.037703125 0.001)
(0.008466666667 0.037703125 0.001)
(0.01058333333 0.037703125 0.001)
(0.0127 0.037703125 0.001)
(0.01481666667 0.037703125 0.001)
(0.01693333333 0.037703125 0.001)
(0.01905 0.037703125 0.001)
(0.02116666667 0.037703125 0.001)
(0.02328333333 0.037703125 0.001)
(0.0254 0.037703125 0.001)
(0.02751666667 0.037703125 0.001)
(0.02963333333 0.037703125 0.001)
(0.03175 0.037703125 0.001)
(0.03386666667 0.037703125 0.001)
(0.03598333333 0.037703125 0.001)
(0.0381 0.037703125 0.001)
(0.04021666667 0.037703125 0.001)
(0.04233333333 0.037703125 0.001)
(0.04445 0.037703125 0.001)
(0.04656666667 0.037703125 0.001)
(0.04868333333 0.037703125 0.001)
(0.0508 0.037703125 0.001)
(0.05291666667 0.037703125 0.001)
(0.05503333333 0.037703125 0.001)
(0.05715 0.037703125 0.001)
(0.05926666667 0.037703125 0.001)
(0.06138333333 0.037703125 0.001)
(0.0635 0.037703125 0.001)
(0.06561666667 0.037703125 0.001)
(0.06773333333 0.037703125 0.001)
(0.06985 0.037703125 0.001)
(0.07196666667 0.037703125 0.001)
(0.07408333333 0.037703125 0.001)
(0.0762 0.037703125 0.001)
(0.07831666667 0.037703125 0.001)
(0.08043333333 0.037703125 0.001)
(0.08255 0.037703125 0.001)
(0.08466666667 0.037703125 0.001)
(0.08678333333 0.037703125 0.001)
(0.0889 0.037703125 0.001)
(0 0.0396875 0.001)
(0.002116666667 0.0396875 0.001)
(0.004233333333 0.0396875 0.001)
(0.00635 0.0396875 0.001)
(0.008466666667 0.0396875 0.001)
(0.01058333333 0.0396875 0.001)
(0.0127 0.0396875 0.001)
(0.01481666667 0.0396875 0.001)
(0.01693333333 0.0396875 0.001)
(0.01905 0.0396875 0.001)
(0.02116666667 0.0396875 0.001)
(0.02328333333 0.0396875 0.001)
(0.0254 0.0396875 0.001)
(0.02751666667 0.0396875 0.001)
(0.02963333333 0.0396875 0.001)
(0.03175 0.0396875 0.001)
(0.03386666667 0.0396875 0.001)
(0.03598333333 0.0396875 0.001)
(0.0381 0.0396875 0.001)
(0.04021666667 0.0396875 0.001)
(0.04233333333 0.0396875 0.001)
(0.04445 0.0396875 0.001)
(0.04656666667 0.0396875 0.001)
(0.04868333333 0.0396875 0.001)
(0.0508 0.0396875 0.001)
(0.05291666667 0.0396875 0.001)
(0.05503333333 0.0396875 0.001)
(0.05715 0.0396875 0.001)
(0.05926666667 0.0396875 0.001)
(0.06138333333 0.0396875 0.001)
(0.0635 0.0396875 0.001)
(0.06561666667 0.0396875 0.001)
(0.06773333333 0.0396875 0.001)
(0.06985 0.0396875 0.001)
(0.07196666667 0.0396875 0.001)
(0.07408333333 0.0396875 0.001)
(0.0762 0.0396875 0.001)
(0.07831666667 0.0396875 0.001)
(0.08043333333 0.0396875 0.001)
(0.08255 0.0396875 0.001)
(0.08466666667 0.0396875 0.001)
(0.08678333333 0.0396875 0.001)
(0.0889 0.0396875 0.001)
(0 0.041671875 0.001)
(0.002116666667 0.041671875 0.001)
(0.004233333333 0.041671875 0.001)
(0.00635 0.041671875 0.001)
(0.008466666667 0.041671875 0.001)
(0.01058333333 0.041671875 0.001)
(0.0127 0.041671875 0.001)
(0.01481666667 0.041671875 0.001)
(0.01693333333 0.041671875 0.001)
(0.01905 0.041671875 0.001)
(0.02116666667 0.041671875 0.001)
(0.02328333333 0.041671875 0.001)
(0.0254 0.041671875 0.001)
(0.02751666667 0.041671875 0.001)
(0.02963333333 0.041671875 0.001)
(0.03175 0.041671875 0.001)
(0.03386666667 0.041671875 0.001)
(0.03598333333 0.041671875 0.001)
(0.0381 0.041671875 0.001)
(0.04021666667 0.041671875 0.001)
(0.04233333333 0.041671875 0.001)
(0.04445 0.041671875 0.001)
(0.04656666667 0.041671875 0.001)
(0.04868333333 0.041671875 0.001)
(0.0508 0.041671875 0.001)
(0.05291666667 0.041671875 0.001)
(0.05503333333 0.041671875 0.001)
(0.05715 0.041671875 0.001)
(0.05926666667 0.041671875 0.001)
(0.06138333333 0.041671875 0.001)
(0.0635 0.041671875 0.001)
(0.06561666667 0.041671875 0.001)
(0.06773333333 0.041671875 0.001)
(0.06985 0.041671875 0.001)
(0.07196666667 0.041671875 0.001)
(0.07408333333 0.041671875 0.001)
(0.0762 0.041671875 0.001)
(0.07831666667 0.041671875 0.001)
(0.08043333333 0.041671875 0.001)
(0.08255 0.041671875 0.001)
(0.08466666667 0.041671875 0.001)
(0.08678333333 0.041671875 0.001)
(0.0889 0.041671875 0.001)
(0 0.04365625 0.001)
(0.002116666667 0.04365625 0.001)
(0.004233333333 0.04365625 0.001)
(0.00635 0.04365625 0.001)
(0.008466666667 0.04365625 0.001)
(0.01058333333 0.04365625 0.001)
(0.0127 0.04365625 0.001)
(0.01481666667 0.04365625 0.001)
(0.01693333333 0.04365625 0.001)
(0.01905 0.04365625 0.001)
(0.02116666667 0.04365625 0.001)
(0.02328333333 0.04365625 0.001)
(0.0254 0.04365625 0.001)
(0.02751666667 0.04365625 0.001)
(0.02963333333 0.04365625 0.001)
(0.03175 0.04365625 0.001)
(0.03386666667 0.04365625 0.001)
(0.03598333333 0.04365625 0.001)
(0.0381 0.04365625 0.001)
(0.04021666667 0.04365625 0.001)
(0.04233333333 0.04365625 0.001)
(0.04445 0.04365625 0.001)
(0.04656666667 0.04365625 0.001)
(0.04868333333 0.04365625 0.001)
(0.0508 0.04365625 0.001)
(0.05291666667 0.04365625 0.001)
(0.05503333333 0.04365625 0.001)
(0.05715 0.04365625 0.001)
(0.05926666667 0.04365625 0.001)
(0.06138333333 0.04365625 0.001)
(0.0635 0.04365625 0.001)
(0.06561666667 0.04365625 0.001)
(0.06773333333 0.04365625 0.001)
(0.06985 0.04365625 0.001)
(0.07196666667 0.04365625 0.001)
(0.07408333333 0.04365625 0.001)
(0.0762 0.04365625 0.001)
(0.07831666667 0.04365625 0.001)
(0.08043333333 0.04365625 0.001)
(0.08255 0.04365625 0.001)
(0.08466666667 0.04365625 0.001)
(0.08678333333 0.04365625 0.001)
(0.0889 0.04365625 0.001)
(0 0.045640625 0.001)
(0.002116666667 0.045640625 0.001)
(0.004233333333 0.045640625 0.001)
(0.00635 0.045640625 0.001)
(0.008466666667 0.045640625 0.001)
(0.01058333333 0.045640625 0.001)
(0.0127 0.045640625 0.001)
(0.01481666667 0.045640625 0.001)
(0.01693333333 0.045640625 0.001)
(0.01905 0.045640625 0.001)
(0.02116666667 0.045640625 0.001)
(0.02328333333 0.045640625 0.001)
(0.0254 0.045640625 0.001)
(0.02751666667 0.045640625 0.001)
(0.02963333333 0.045640625 0.001)
(0.03175 0.045640625 0.001)
(0.03386666667 0.045640625 0.001)
(0.03598333333 0.045640625 0.001)
(0.0381 0.045640625 0.001)
(0.04021666667 0.045640625 0.001)
(0.04233333333 0.045640625 0.001)
(0.04445 0.045640625 0.001)
(0.04656666667 0.045640625 0.001)
(0.04868333333 0.045640625 0.001)
(0.0508 0.045640625 0.001)
(0.05291666667 0.045640625 0.001)
(0.05503333333 0.045640625 0.001)
(0.05715 0.045640625 0.001)
(0.05926666667 0.045640625 0.001)
(0.06138333333 0.045640625 0.001)
(0.0635 0.045640625 0.001)
(0.06561666667 0.045640625 0.001)
(0.06773333333 0.045640625 0.001)
(0.06985 0.045640625 0.001)
(0.07196666667 0.045640625 0.001)
(0.07408333333 0.045640625 0.001)
(0.0762 0.045640625 0.001)
(0.07831666667 0.045640625 0.001)
(0.08043333333 0.045640625 0.001)
(0.08255 0.045640625 0.001)
(0.08466666667 0.045640625 0.001)
(0.08678333333 0.045640625 0.001)
(0.0889 0.045640625 0.001)
(0 0.047625 0.001)
(0.002116666667 0.047625 0.001)
(0.004233333333 0.047625 0.001)
(0.00635 0.047625 0.001)
(0.008466666667 0.047625 0.001)
(0.01058333333 0.047625 0.001)
(0.0127 0.047625 0.001)
(0.01481666667 0.047625 0.001)
(0.01693333333 0.047625 0.001)
(0.01905 0.047625 0.001)
(0.02116666667 0.047625 0.001)
(0.02328333333 0.047625 0.001)
(0.0254 0.047625 0.001)
(0.02751666667 0.047625 0.001)
(0.02963333333 0.047625 0.001)
(0.03175 0.047625 0.001)
(0.03386666667 0.047625 0.001)
(0.03598333333 0.047625 0.001)
(0.0381 0.047625 0.001)
(0.04021666667 0.047625 0.001)
(0.04233333333 0.047625 0.001)
(0.04445 0.047625 0.001)
(0.04656666667 0.047625 0.001)
(0.04868333333 0.047625 0.001)
(0.0508 0.047625 0.001)
(0.05291666667 0.047625 0.001)
(0.05503333333 0.047625 0.001)
(0.05715 0.047625 0.001)
(0.05926666667 0.047625 0.001)
(0.06138333333 0.047625 0.001)
(0.0635 0.047625 0.001)
(0.06561666667 0.047625 0.001)
(0.06773333333 0.047625 0.001)
(0.06985 0.047625 0.001)
(0.07196666667 0.047625 0.001)
(0.07408333333 0.047625 0.001)
(0.0762 0.047625 0.001)
(0.07831666667 0.047625 0.001)
(0.08043333333 0.047625 0.001)
(0.08255 0.047625 0.001)
(0.08466666667 0.047625 0.001)
(0.08678333333 0.047625 0.001)
(0.0889 0.047625 0.001)
(0 0.049609375 0.001)
(0.002116666667 0.049609375 0.001)
(0.004233333333 0.049609375 0.001)
(0.00635 0.049609375 0.001)
(0.008466666667 0.049609375 0.001)
(0.01058333333 0.049609375 0.001)
(0.0127 0.049609375 0.001)
(0.01481666667 0.049609375 0.001)
(0.01693333333 0.049609375 0.001)
(0.01905 0.049609375 0.001)
(0.02116666667 0.049609375 0.001)
(0.02328333333 0.049609375 0.001)
(0.0254 0.049609375 0.001)
(0.02751666667 0.049609375 0.001)
(0.02963333333 0.049609375 0.001)
(0.03175 0.049609375 0.001)
(0.03386666667 0.049609375 0.001)
(0.03598333333 0.049609375 0.001)
(0.0381 0.049609375 0.001)
(0.04021666667 0.049609375 0.001)
(0.04233333333 0.049609375 0.001)
(0.04445 0.049609375 0.001)
(0.04656666667 0.049609375 0.001)
(0.04868333333 0.049609375 0.001)
(0.0508 0.049609375 0.001)
(0.05291666667 0.049609375 0.001)
(0.05503333333 0.049609375 0.001)
(0.05715 0.049609375 0.001)
(0.05926666667 0.049609375 0.001)
(0.06138333333 0.049609375 0.001)
(0.0635 0.049609375 0.001)
(0.06561666667 0.049609375 0.001)
(0.06773333333 0.049609375 0.001)
(0.06985 0.049609375 0.001)
(0.07196666667 0.049609375 0.001)
(0.07408333333 0.049609375 0.001)
(0.0762 0.049609375 0.001)
(0.07831666667 0.049609375 0.001)
(0.08043333333 0.049609375 0.001)
(0.08255 0.049609375 0.001)
(0.08466666667 0.049609375 0.001)
(0.08678333333 0.049609375 0.001)
(0.0889 0.049609375 0.001)
(0 0.05159375 0.001)
(0.002116666667 0.05159375 0.001)
(0.004233333333 0.05159375 0.001)
(0.00635 0.05159375 0.001)
(0.008466666667 0.05159375 0.001)
(0.01058333333 0.05159375 0.001)
(0.0127 0.05159375 0.001)
(0.01481666667 0.05159375 0.001)
(0.01693333333 0.05159375 0.001)
(0.01905 0.05159375 0.001)
(0.02116666667 0.05159375 0.001)
(0.02328333333 0.05159375 0.001)
(0.0254 0.05159375 0.001)
(0.02751666667 0.05159375 0.001)
(0.02963333333 0.05159375 0.001)
(0.03175 0.05159375 0.001)
(0.03386666667 0.05159375 0.001)
(0.03598333333 0.05159375 0.001)
(0.0381 0.05159375 0.001)
(0.04021666667 0.05159375 0.001)
(0.04233333333 0.05159375 0.001)
(0.04445 0.05159375 0.001)
(0.04656666667 0.05159375 0.001)
(0.04868333333 0.05159375 0.001)
(0.0508 0.05159375 0.001)
(0.05291666667 0.05159375 0.001)
(0.05503333333 0.05159375 0.001)
(0.05715 0.05159375 0.001)
(0.05926666667 0.05159375 0.001)
(0.06138333333 0.05159375 0.001)
(0.0635 0.05159375 0.001)
(0.06561666667 0.05159375 0.001)
(0.06773333333 0.05159375 0.001)
(0.06985 0.05159375 0.001)
(0.07196666667 0.05159375 0.001)
(0.07408333333 0.05159375 0.001)
(0.0762 0.05159375 0.001)
(0.07831666667 0.05159375 0.001)
(0.08043333333 0.05159375 0.001)
(0.08255 0.05159375 0.001)
(0.08466666667 0.05159375 0.001)
(0.08678333333 0.05159375 0.001)
(0.0889 0.05159375 0.001)
(0 0.053578125 0.001)
(0.002116666667 0.053578125 0.001)
(0.004233333333 0.053578125 0.001)
(0.00635 0.053578125 0.001)
(0.008466666667 0.053578125 0.001)
(0.01058333333 0.053578125 0.001)
(0.0127 0.053578125 0.001)
(0.01481666667 0.053578125 0.001)
(0.01693333333 0.053578125 0.001)
(0.01905 0.053578125 0.001)
(0.02116666667 0.053578125 0.001)
(0.02328333333 0.053578125 0.001)
(0.0254 0.053578125 0.001)
(0.02751666667 0.053578125 0.001)
(0.02963333333 0.053578125 0.001)
(0.03175 0.053578125 0.001)
(0.03386666667 0.053578125 0.001)
(0.03598333333 0.053578125 0.001)
(0.0381 0.053578125 0.001)
(0.04021666667 0.053578125 0.001)
(0.04233333333 0.053578125 0.001)
(0.04445 0.053578125 0.001)
(0.04656666667 0.053578125 0.001)
(0.04868333333 0.053578125 0.001)
(0.0508 0.053578125 0.001)
(0.05291666667 0.053578125 0.001)
(0.05503333333 0.053578125 0.001)
(0.05715 0.053578125 0.001)
(0.05926666667 0.053578125 0.001)
(0.06138333333 0.053578125 0.001)
(0.0635 0.053578125 0.001)
(0.06561666667 0.053578125 0.001)
(0.06773333333 0.053578125 0.001)
(0.06985 0.053578125 0.001)
(0.07196666667 0.053578125 0.001)
(0.07408333333 0.053578125 0.001)
(0.0762 0.053578125 0.001)
(0.07831666667 0.053578125 0.001)
(0.08043333333 0.053578125 0.001)
(0.08255 0.053578125 0.001)
(0.08466666667 0.053578125 0.001)
(0.08678333333 0.053578125 0.001)
(0.0889 0.053578125 0.001)
(0 0.0555625 0.001)
(0.002116666667 0.0555625 0.001)
(0.004233333333 0.0555625 0.001)
(0.00635 0.0555625 0.001)
(0.008466666667 0.0555625 0.001)
(0.01058333333 0.0555625 0.001)
(0.0127 0.0555625 0.001)
(0.01481666667 0.0555625 0.001)
(0.01693333333 0.0555625 0.001)
(0.01905 0.0555625 0.001)
(0.02116666667 0.0555625 0.001)
(0.02328333333 0.0555625 0.001)
(0.0254 0.0555625 0.001)
(0.02751666667 0.0555625 0.001)
(0.02963333333 0.0555625 0.001)
(0.03175 0.0555625 0.001)
(0.03386666667 0.0555625 0.001)
(0.03598333333 0.0555625 0.001)
(0.0381 0.0555625 0.001)
(0.04021666667 0.0555625 0.001)
(0.04233333333 0.0555625 0.001)
(0.04445 0.0555625 0.001)
(0.04656666667 0.0555625 0.001)
(0.04868333333 0.0555625 0.001)
(0.0508 0.0555625 0.001)
(0.05291666667 0.0555625 0.001)
(0.05503333333 0.0555625 0.001)
(0.05715 0.0555625 0.001)
(0.05926666667 0.0555625 0.001)
(0.06138333333 0.0555625 0.001)
(0.0635 0.0555625 0.001)
(0.06561666667 0.0555625 0.001)
(0.06773333333 0.0555625 0.001)
(0.06985 0.0555625 0.001)
(0.07196666667 0.0555625 0.001)
(0.07408333333 0.0555625 0.001)
(0.0762 0.0555625 0.001)
(0.07831666667 0.0555625 0.001)
(0.08043333333 0.0555625 0.001)
(0.08255 0.0555625 0.001)
(0.08466666667 0.0555625 0.001)
(0.08678333333 0.0555625 0.001)
(0.0889 0.0555625 0.001)
(0 0.057546875 0.001)
(0.002116666667 0.057546875 0.001)
(0.004233333333 0.057546875 0.001)
(0.00635 0.057546875 0.001)
(0.008466666667 0.057546875 0.001)
(0.01058333333 0.057546875 0.001)
(0.0127 0.057546875 0.001)
(0.01481666667 0.057546875 0.001)
(0.01693333333 0.057546875 0.001)
(0.01905 0.057546875 0.001)
(0.02116666667 0.057546875 0.001)
(0.02328333333 0.057546875 0.001)
(0.0254 0.057546875 0.001)
(0.02751666667 0.057546875 0.001)
(0.02963333333 0.057546875 0.001)
(0.03175 0.057546875 0.001)
(0.03386666667 0.057546875 0.001)
(0.03598333333 0.057546875 0.001)
(0.0381 0.057546875 0.001)
(0.04021666667 0.057546875 0.001)
(0.04233333333 0.057546875 0.001)
(0.04445 0.057546875 0.001)
(0.04656666667 0.057546875 0.001)
(0.04868333333 0.057546875 0.001)
(0.0508 0.057546875 0.001)
(0.05291666667 0.057546875 0.001)
(0.05503333333 0.057546875 0.001)
(0.05715 0.057546875 0.001)
(0.05926666667 0.057546875 0.001)
(0.06138333333 0.057546875 0.001)
(0.0635 0.057546875 0.001)
(0.06561666667 0.057546875 0.001)
(0.06773333333 0.057546875 0.001)
(0.06985 0.057546875 0.001)
(0.07196666667 0.057546875 0.001)
(0.07408333333 0.057546875 0.001)
(0.0762 0.057546875 0.001)
(0.07831666667 0.057546875 0.001)
(0.08043333333 0.057546875 0.001)
(0.08255 0.057546875 0.001)
(0.08466666667 0.057546875 0.001)
(0.08678333333 0.057546875 0.001)
(0.0889 0.057546875 0.001)
(0 0.05953125 0.001)
(0.002116666667 0.05953125 0.001)
(0.004233333333 0.05953125 0.001)
(0.00635 0.05953125 0.001)
(0.008466666667 0.05953125 0.001)
(0.01058333333 0.05953125 0.001)
(0.0127 0.05953125 0.001)
(0.01481666667 0.05953125 0.001)
(0.01693333333 0.05953125 0.001)
(0.01905 0.05953125 0.001)
(0.02116666667 0.05953125 0.001)
(0.02328333333 0.05953125 0.001)
(0.0254 0.05953125 0.001)
(0.02751666667 0.05953125 0.001)
(0.02963333333 0.05953125 0.001)
(0.03175 0.05953125 0.001)
(0.03386666667 0.05953125 0.001)
(0.03598333333 0.05953125 0.001)
(0.0381 0.05953125 0.001)
(0.04021666667 0.05953125 0.001)
(0.04233333333 0.05953125 0.001)
(0.04445 0.05953125 0.001)
(0.04656666667 0.05953125 0.001)
(0.04868333333 0.05953125 0.001)
(0.0508 0.05953125 0.001)
(0.05291666667 0.05953125 0.001)
(0.05503333333 0.05953125 0.001)
(0.05715 0.05953125 0.001)
(0.05926666667 0.05953125 0.001)
(0.06138333333 0.05953125 0.001)
(0.0635 0.05953125 0.001)
(0.06561666667 0.05953125 0.001)
(0.06773333333 0.05953125 0.001)
(0.06985 0.05953125 0.001)
(0.07196666667 0.05953125 0.001)
(0.07408333333 0.05953125 0.001)
(0.0762 0.05953125 0.001)
(0.07831666667 0.05953125 0.001)
(0.08043333333 0.05953125 0.001)
(0.08255 0.05953125 0.001)
(0.08466666667 0.05953125 0.001)
(0.08678333333 0.05953125 0.001)
(0.0889 0.05953125 0.001)
(0 0.061515625 0.001)
(0.002116666667 0.061515625 0.001)
(0.004233333333 0.061515625 0.001)
(0.00635 0.061515625 0.001)
(0.008466666667 0.061515625 0.001)
(0.01058333333 0.061515625 0.001)
(0.0127 0.061515625 0.001)
(0.01481666667 0.061515625 0.001)
(0.01693333333 0.061515625 0.001)
(0.01905 0.061515625 0.001)
(0.02116666667 0.061515625 0.001)
(0.02328333333 0.061515625 0.001)
(0.0254 0.061515625 0.001)
(0.02751666667 0.061515625 0.001)
(0.02963333333 0.061515625 0.001)
(0.03175 0.061515625 0.001)
(0.03386666667 0.061515625 0.001)
(0.03598333333 0.061515625 0.001)
(0.0381 0.061515625 0.001)
(0.04021666667 0.061515625 0.001)
(0.04233333333 0.061515625 0.001)
(0.04445 0.061515625 0.001)
(0.04656666667 0.061515625 0.001)
(0.04868333333 0.061515625 0.001)
(0.0508 0.061515625 0.001)
(0.05291666667 0.061515625 0.001)
(0.05503333333 0.061515625 0.001)
(0.05715 0.061515625 0.001)
(0.05926666667 0.061515625 0.001)
(0.06138333333 0.061515625 0.001)
(0.0635 0.061515625 0.001)
(0.06561666667 0.061515625 0.001)
(0.06773333333 0.061515625 0.001)
(0.06985 0.061515625 0.001)
(0.07196666667 0.061515625 0.001)
(0.07408333333 0.061515625 0.001)
(0.0762 0.061515625 0.001)
(0.07831666667 0.061515625 0.001)
(0.08043333333 0.061515625 0.001)
(0.08255 0.061515625 0.001)
(0.08466666667 0.061515625 0.001)
(0.08678333333 0.061515625 0.001)
(0.0889 0.061515625 0.001)
(0 0.0635 0.001)
(0.002116666667 0.0635 0.001)
(0.004233333333 0.0635 0.001)
(0.00635 0.0635 0.001)
(0.008466666667 0.0635 0.001)
(0.01058333333 0.0635 0.001)
(0.0127 0.0635 0.001)
(0.01481666667 0.0635 0.001)
(0.01693333333 0.0635 0.001)
(0.01905 0.0635 0.001)
(0.02116666667 0.0635 0.001)
(0.02328333333 0.0635 0.001)
(0.0254 0.0635 0.001)
(0.02751666667 0.0635 0.001)
(0.02963333333 0.0635 0.001)
(0.03175 0.0635 0.001)
(0.03386666667 0.0635 0.001)
(0.03598333333 0.0635 0.001)
(0.0381 0.0635 0.001)
(0.04021666667 0.0635 0.001)
(0.04233333333 0.0635 0.001)
(0.04445 0.0635 0.001)
(0.04656666667 0.0635 0.001)
(0.04868333333 0.0635 0.001)
(0.0508 0.0635 0.001)
(0.05291666667 0.0635 0.001)
(0.05503333333 0.0635 0.001)
(0.05715 0.0635 0.001)
(0.05926666667 0.0635 0.001)
(0.06138333333 0.0635 0.001)
(0.0635 0.0635 0.001)
(0.06561666667 0.0635 0.001)
(0.06773333333 0.0635 0.001)
(0.06985 0.0635 0.001)
(0.07196666667 0.0635 0.001)
(0.07408333333 0.0635 0.001)
(0.0762 0.0635 0.001)
(0.07831666667 0.0635 0.001)
(0.08043333333 0.0635 0.001)
(0.08255 0.0635 0.001)
(0.08466666667 0.0635 0.001)
(0.08678333333 0.0635 0.001)
(0.0889 0.0635 0.001)
)


// ************************************************************************* //
